[-0.010452637610942285, 0.060120735989416786, -0.13009512922793617]
	[-0.02069486721034224, 0.06924151671318086, -0.13996841444860328]
[-0.010526601062592603, 0.06014583743163167, -0.1300547662258467]
	[-0.020711082095933295, 0.0692423518111909, -0.13995101369918667]
[-0.01057706009507323, 0.06014227479166672, -0.13007244554706784]
	[-0.02074342710171022, 0.06925613752170677, -0.1399467137696678]
[-0.01042306058640437, 0.06011817740307632, -0.13009570269644657]
	[-0.02074091631076603, 0.06925215452352164, -0.13994467984339293]
[-0.010584248351591052, 0.06017173300218815, -0.1300611003384713]
	[-0.020545670123255772, 0.06914327363924673, -0.14000540416599583]
[-0.0104805117122462, 0.060124352582177146, -0.13008270209613404]
	[-0.020744608984595105, 0.06925560387679268, -0.1399482785506303]
[-0.010550839786048899, 0.060157094681413066, -0.13006346373314795]
	[-0.020701913027238672, 0.06922996872487461, -0.13996582435866592]
[-0.010496079726737169, 0.06012949318053476, -0.1300689692873245]
	[-0.020582195406409497, 0.06917141429472363, -0.14000804734865338]
[-0.010592619115047617, 0.06017429303330391, -0.1300578785289283]
	[-0.020689145811291776, 0.0692338955708999, -0.13997016296262563]
[-0.010486404753001876, 0.06012543470820951, -0.13008737646790194]
	[-0.02060251700121268, 0.0691735755630119, -0.13998942297918546]
[-0.010436375913983574, 0.060105121497883184, -0.1300949009911763]
	[-0.020737903867508945, 0.06925459831776382, -0.13994980303984003]
[-0.010648196655188635, 0.060208229567726486, -0.13006349146438914]
	[-0.02073856718914213, 0.06925455100385852, -0.13994681010381127]
[-0.010415102508978624, 0.06011200612179838, -0.13009648560923096]
	[-0.0207207195311297, 0.06925776097399224, -0.13993912737471376]
[-0.01047727131659002, 0.06012135029341939, -0.1300929417886374]
	[-0.02060297006832408, 0.06918956220187443, -0.13999461498749838]
[-0.010486344923349048, 0.060123990013116656, -0.1300866171475877]
	[-0.0207073842684887, 0.06924984805458234, -0.1399610657133569]
[-0.010485084908078934, 0.06011869130473817, -0.13008344019880566]
	[-0.020679222404897675, 0.06923844060388437, -0.13997233165876577]
[-0.010464065576567023, 0.060110567165131655, -0.13008312051949003]
	[-0.020562794667165873, 0.06917395563598559, -0.1399907167421538]
[-0.010430343202774838, 0.06010127901714695, -0.13009445471546668]
	[-0.0205765298725876, 0.06917085368993371, -0.1399960972601434]
[-0.010442701432029414, 0.060099075662607394, -0.13009734461349992]
	[-0.02074262568471695, 0.06925801462146929, -0.139947461007799]
[-0.010580966852760382, 0.06015989804640816, -0.1300511648088513]
	[-0.020600091170118746, 0.06920687479308656, -0.1399996400914803]

	Positions 1:
[[-0.01045264  0.06012074 -0.13009513]
 [-0.0105266   0.06014584 -0.13005477]
 [-0.01057706  0.06014227 -0.13007245]
 [-0.01042306  0.06011818 -0.1300957 ]
 [-0.01058425  0.06017173 -0.1300611 ]
 [-0.01048051  0.06012435 -0.1300827 ]
 [-0.01055084  0.06015709 -0.13006346]
 [-0.01049608  0.06012949 -0.13006897]
 [-0.01059262  0.06017429 -0.13005788]
 [-0.0104864   0.06012543 -0.13008738]
 [-0.01043638  0.06010512 -0.1300949 ]
 [-0.0106482   0.06020823 -0.13006349]
 [-0.0104151   0.06011201 -0.13009649]
 [-0.01047727  0.06012135 -0.13009294]
 [-0.01048634  0.06012399 -0.13008662]
 [-0.01048508  0.06011869 -0.13008344]
 [-0.01046407  0.06011057 -0.13008312]
 [-0.01043034  0.06010128 -0.13009445]
 [-0.0104427   0.06009908 -0.13009734]
 [-0.01058097  0.0601599  -0.13005116]]
mean: [-0.01050183  0.06013348 -0.13007917]
std:  [ 0.00006469  0.00002759  0.00001549]
min:  [-0.0106482   0.06009908 -0.13009734]
max:  [-0.0104151   0.06020823 -0.13005116]

	Positions 2:
[[-0.02069487  0.06924152 -0.13996841]
 [-0.02071108  0.06924235 -0.13995101]
 [-0.02074343  0.06925614 -0.13994671]
 [-0.02074092  0.06925215 -0.13994468]
 [-0.02054567  0.06914327 -0.1400054 ]
 [-0.02074461  0.0692556  -0.13994828]
 [-0.02070191  0.06922997 -0.13996582]
 [-0.0205822   0.06917141 -0.14000805]
 [-0.02068915  0.0692339  -0.13997016]
 [-0.02060252  0.06917358 -0.13998942]
 [-0.0207379   0.0692546  -0.1399498 ]
 [-0.02073857  0.06925455 -0.13994681]
 [-0.02072072  0.06925776 -0.13993913]
 [-0.02060297  0.06918956 -0.13999461]
 [-0.02070738  0.06924985 -0.13996107]
 [-0.02067922  0.06923844 -0.13997233]
 [-0.02056279  0.06917396 -0.13999072]
 [-0.02057653  0.06917085 -0.1399961 ]
 [-0.02074263  0.06925801 -0.13994746]
 [-0.02060009  0.06920687 -0.13999964]]
mean: [-0.02067126  0.06922272 -0.13996978]
std:  [ 0.00006914  0.00003691  0.00002258]
min:  [-0.02074461  0.06914327 -0.14000805]
max:  [-0.02054567  0.06925801 -0.13993913]
