[0.0154, -0.0328, 0.1865, -74.5847, 3.6376, -176.5841]   ===>   [0.0189, 0.0172, -0.1632],  actual: [0.0214, 0.0214, -0.1627] (mse: 0.000024)
[0.0052, -0.0409, 0.1947, -10.3735, -9.9094, -157.0434]   ===>   [0.0295, 0.0084, -0.1677],  actual: [0.0309, 0.0150, -0.1649] (mse: 0.000054)
[0.0102, 0.0014, 0.1740, -55.2822, 0.5356, -156.5250]   ===>   [0.0164, 0.0570, -0.1564],  actual: [0.0195, 0.0574, -0.1626] (mse: 0.000048)
[-0.0079, -0.0147, 0.1741, 10.3438, -9.3802, -160.6486]   ===>   [0.0310, 0.0355, -0.1701],  actual: [0.0435, 0.0398, -0.1668] (mse: 0.000184)
[0.0149, -0.0230, 0.1892, 77.3733, -5.7143, -174.2989]   ===>   [0.0187, 0.0296, -0.1642],  actual: [0.0201, 0.0295, -0.1634] (mse: 0.000003)
[-0.0058, -0.0051, 0.1788, -54.1303, 17.8765, -155.6206]   ===>   [0.0356, 0.0528, -0.1700],  actual: [0.0398, 0.0503, -0.1659] (mse: 0.000041)
[0.0087, -0.0076, 0.1976, -68.5943, 17.2136, -174.5041]   ===>   [0.0167, 0.0472, -0.1695],  actual: [0.0268, 0.0471, -0.1646] (mse: 0.000127)
[-0.0285, -0.0421, 0.1839, -6.0302, 16.5095, -148.5207]   ===>   [0.0674, 0.0197, -0.1659],  actual: [0.0689, 0.0163, -0.1678] (mse: 0.000018)
[0.0113, -0.0423, 0.1947, -47.1878, 9.3490, -166.7391]   ===>   [0.0241, 0.0110, -0.1645],  actual: [0.0270, 0.0143, -0.1630] (mse: 0.000021)
[0.0118, -0.0244, 0.1892, 36.8269, -1.8562, -160.4811]   ===>   [0.0231, 0.0257, -0.1639],  actual: [0.0234, 0.0286, -0.1651] (mse: 0.000010)
[0.0081, -0.0188, 0.1892, 77.1279, -8.4790, -169.5238]   ===>   [0.0273, 0.0324, -0.1666],  actual: [0.0269, 0.0338, -0.1651] (mse: 0.000005)
[0.0213, -0.0010, 0.1839, 37.2920, -17.9288, -168.7469]   ===>   [0.0098, 0.0530, -0.1632],  actual: [0.0094, 0.0515, -0.1607] (mse: 0.000009)
[0.0172, -0.0367, 0.1919, -62.6226, 3.0122, -168.4424]   ===>   [0.0190, 0.0193, -0.1605],  actual: [0.0198, 0.0183, -0.1621] (mse: 0.000004)
[0.0204, 0.0120, 0.1784, -0.3095, -3.4273, -158.6098]   ===>   [0.0079, 0.0627, -0.1644],  actual: [0.0085, 0.0668, -0.1592] (mse: 0.000043)
[-0.0148, -0.0341, 0.1720, -53.2084, 2.8909, -169.5799]   ===>   [0.0597, 0.0159, -0.1669],  actual: [0.0548, 0.0214, -0.1663] (mse: 0.000054)
[-0.0049, -0.0275, 0.1814, -18.5741, -12.9150, -166.9874]   ===>   [0.0366, 0.0275, -0.1692],  actual: [0.0395, 0.0292, -0.1662] (mse: 0.000020)
[0.0237, -0.0401, 0.1916, -59.6418, -3.4459, -177.9098]   ===>   [0.0120, 0.0107, -0.1655],  actual: [0.0141, 0.0148, -0.1609] (mse: 0.000042)
[-0.0151, -0.0390, 0.1788, 33.6103, -2.8335, -178.1653]   ===>   [0.0510, 0.0144, -0.1664],  actual: [0.0517, 0.0172, -0.1677] (mse: 0.000010)
[0.0107, -0.0255, 0.1865, -46.5320, -2.0186, -171.9354]   ===>   [0.0223, 0.0272, -0.1642],  actual: [0.0243, 0.0292, -0.1649] (mse: 0.000008)
[-0.0241, -0.0285, 0.1892, -35.1280, 8.8469, -158.2687]   ===>   [0.0618, 0.0266, -0.1658],  actual: [0.0601, 0.0309, -0.1687] (mse: 0.000030)
[0.0236, -0.0160, 0.1839, -76.8593, 18.0212, -176.6112]   ===>   [0.0146, 0.0352, -0.1628],  actual: [0.0116, 0.0365, -0.1619] (mse: 0.000011)
[0.0133, -0.0274, 0.1892, -45.4644, 13.7707, -169.2035]   ===>   [0.0244, 0.0244, -0.1623],  actual: [0.0237, 0.0268, -0.1634] (mse: 0.000007)
[0.0216, 0.0146, 0.1789, 31.9633, -12.4233, -165.9417]   ===>   [0.0067, 0.0684, -0.1588],  actual: [0.0068, 0.0682, -0.1583] (mse: 0.000000)
[-0.0041, -0.0276, 0.1839, 82.9987, 0.7614, -174.1103]   ===>   [0.0427, 0.0273, -0.1590],  actual: [0.0406, 0.0273, -0.1664] (mse: 0.000059)
[0.0103, -0.0368, 0.1919, 88.2879, -1.4708, 179.7036]   ===>   [0.0183, 0.0182, -0.1516],  actual: [0.0267, 0.0175, -0.1634] (mse: 0.000213)
[0.0245, -0.0374, 0.1762, -33.5988, 8.5219, -160.0780]   ===>   [0.0054, 0.0090, -0.1591],  actual: [0.0110, 0.0125, -0.1602] (mse: 0.000044)
[0.0049, -0.0140, 0.1695, 75.8548, -2.6369, -175.1622]   ===>   [0.0289, 0.0413, -0.1603],  actual: [0.0291, 0.0381, -0.1650] (mse: 0.000032)
[0.0219, -0.0191, 0.1865, 38.1397, -12.0539, -172.9897]   ===>   [0.0111, 0.0389, -0.1654],  actual: [0.0117, 0.0334, -0.1636] (mse: 0.000034)
[-0.0135, 0.0010, 0.1674, -10.9505, 2.9273, -152.1032]   ===>   [0.0478, 0.0488, -0.1747],  actual: [0.0488, 0.0586, -0.1664] (mse: 0.000166)
[0.0051, -0.0054, 0.1766, -19.1472, -8.3913, -163.6213]   ===>   [0.0275, 0.0513, -0.1735],  actual: [0.0268, 0.0511, -0.1625] (mse: 0.000123)
[-0.0298, 0.0065, 0.1974, -65.8601, 23.6902, -172.1785]   ===>   [0.0715, 0.0662, -0.1674],  actual: [0.0635, 0.0667, -0.1676] (mse: 0.000064)
[0.0185, -0.0346, 0.1890, -1.5628, -6.2173, -178.9760]   ===>   [0.0150, 0.0189, -0.1640],  actual: [0.0176, 0.0205, -0.1624] (mse: 0.000012)
[-0.0211, -0.0320, 0.1765, 10.8354, 15.4296, -157.6496]   ===>   [0.0627, 0.0258, -0.1750],  actual: [0.0610, 0.0240, -0.1688] (mse: 0.000044)
[-0.0098, 0.0001, 0.1742, -60.5227, 22.7134, -163.5064]   ===>   [0.0419, 0.0554, -0.1724],  actual: [0.0450, 0.0566, -0.1667] (mse: 0.000043)
[0.0006, -0.0414, 0.1892, 78.0614, 4.0344, 177.7825]   ===>   [0.0252, 0.0223, -0.1565],  actual: [0.0363, 0.0145, -0.1650] (mse: 0.000256)
[0.0041, -0.0201, 0.1865, -39.4359, 12.7775, -151.6291]   ===>   [0.0312, 0.0321, -0.1636],  actual: [0.0297, 0.0351, -0.1650] (mse: 0.000013)
[-0.0174, -0.0405, 0.1892, -2.7020, 4.7351, -158.9645]   ===>   [0.0503, 0.0128, -0.1666],  actual: [0.0558, 0.0175, -0.1685] (mse: 0.000056)
[-0.0092, -0.0023, 0.1698, -48.0015, 17.7958, -154.7809]   ===>   [0.0440, 0.0542, -0.1649],  actual: [0.0443, 0.0540, -0.1658] (mse: 0.000001)
[0.0133, -0.0371, 0.1919, 48.2200, 7.3815, -166.5567]   ===>   [0.0209, 0.0101, -0.1646],  actual: [0.0238, 0.0172, -0.1626] (mse: 0.000063)
[0.0200, -0.0328, 0.1918, 51.3300, -9.6575, -167.2361]   ===>   [0.0184, 0.0224, -0.1641],  actual: [0.0158, 0.0191, -0.1638] (mse: 0.000018)
[0.0186, -0.0326, 0.1814, 28.4872, 12.0205, -156.7060]   ===>   [0.0172, 0.0193, -0.1625],  actual: [0.0194, 0.0183, -0.1619] (mse: 0.000006)
[-0.0077, -0.0407, 0.1947, 52.0772, -2.1441, -170.9997]   ===>   [0.0392, 0.0159, -0.1755],  actual: [0.0450, 0.0166, -0.1671] (mse: 0.000104)
[0.0207, -0.0417, 0.1947, 52.8664, -4.0993, -166.4821]   ===>   [0.0147, 0.0117, -0.1629],  actual: [0.0184, 0.0119, -0.1619] (mse: 0.000015)
[-0.0081, -0.0315, 0.2029, 48.2396, 0.1084, -162.0271]   ===>   [0.0416, 0.0171, -0.1639],  actual: [0.0440, 0.0265, -0.1669] (mse: 0.000103)
[0.0142, -0.0116, 0.1814, 86.4528, 11.6388, -175.5857]   ===>   [0.0275, 0.0379, -0.1618],  actual: [0.0180, 0.0420, -0.1641] (mse: 0.000113)
[0.0211, -0.0327, 0.1919, -88.2488, 19.0543, -168.1003]   ===>   [0.0178, 0.0185, -0.1575],  actual: [0.0160, 0.0217, -0.1623] (mse: 0.000036)
[0.0224, 0.0065, 0.1814, -51.7581, -0.5922, -159.1807]   ===>   [0.0086, 0.0643, -0.1673],  actual: [0.0068, 0.0611, -0.1594] (mse: 0.000076)
[-0.0282, -0.0426, 0.1839, -10.6910, -6.9956, -168.8309]   ===>   [0.0669, 0.0105, -0.1707],  actual: [0.0670, 0.0169, -0.1673] (mse: 0.000053)
[0.0086, -0.0149, 0.1892, 77.5260, -6.3265, -176.6184]   ===>   [0.0249, 0.0379, -0.1662],  actual: [0.0249, 0.0382, -0.1649] (mse: 0.000002)
[-0.0151, -0.0286, 0.1676, -52.1711, 4.2436, -165.5536]   ===>   [0.0599, 0.0202, -0.1745],  actual: [0.0549, 0.0262, -0.1669] (mse: 0.000118)
[0.0064, -0.0112, 0.1860, -20.0589, 14.7479, -161.3093]   ===>   [0.0280, 0.0428, -0.1677],  actual: [0.0284, 0.0428, -0.1653] (mse: 0.000006)
[0.0082, -0.0254, 0.2003, -46.5164, 9.8662, -168.5629]   ===>   [0.0300, 0.0333, -0.1709],  actual: [0.0279, 0.0309, -0.1645] (mse: 0.000052)
[0.0115, -0.0360, 0.1892, -13.8851, 2.0846, -167.6664]   ===>   [0.0238, 0.0200, -0.1626],  actual: [0.0258, 0.0186, -0.1634] (mse: 0.000006)
[-0.0303, -0.0328, 0.1789, -37.9855, -9.6596, -164.7517]   ===>   [0.0627, 0.0172, -0.1716],  actual: [0.0687, 0.0267, -0.1675] (mse: 0.000143)
[0.0197, -0.0328, 0.1919, 39.0156, 9.4571, -159.2503]   ===>   [0.0174, 0.0157, -0.1638],  actual: [0.0165, 0.0197, -0.1644] (mse: 0.000018)
[0.0238, -0.0310, 0.1892, -39.3546, 14.1080, -163.2906]   ===>   [0.0121, 0.0209, -0.1582],  actual: [0.0134, 0.0217, -0.1610] (mse: 0.000010)
[0.0014, -0.0420, 0.1947, -40.2230, 12.6911, -171.0032]   ===>   [0.0364, 0.0115, -0.1696],  actual: [0.0373, 0.0146, -0.1668] (mse: 0.000019)
[0.0215, -0.0031, 0.1865, 50.7106, -11.9061, -165.0667]   ===>   [0.0111, 0.0469, -0.1607],  actual: [0.0107, 0.0487, -0.1605] (mse: 0.000003)
[0.0139, -0.0416, 0.1947, 8.7176, 6.8069, -160.2162]   ===>   [0.0264, 0.0090, -0.1615],  actual: [0.0235, 0.0130, -0.1634] (mse: 0.000027)
[-0.0194, -0.0295, 0.1675, 35.7287, -3.1543, -164.5876]   ===>   [0.0530, 0.0179, -0.1756],  actual: [0.0589, 0.0243, -0.1691] (mse: 0.000118)
[0.0242, -0.0267, 0.1838, 5.6405, 11.9809, -163.3771]   ===>   [0.0077, 0.0214, -0.1656],  actual: [0.0112, 0.0247, -0.1622] (mse: 0.000035)
[-0.0270, -0.0405, 0.1814, 37.9204, -9.2585, -174.4484]   ===>   [0.0673, 0.0091, -0.1660],  actual: [0.0656, 0.0174, -0.1671] (mse: 0.000072)
[-0.0193, -0.0373, 0.1891, 18.7877, 3.3467, -163.6098]   ===>   [0.0517, 0.0181, -0.1653],  actual: [0.0568, 0.0208, -0.1668] (mse: 0.000035)
[-0.0192, -0.0337, 0.1919, 18.5694, 14.2855, -162.4307]   ===>   [0.0459, 0.0210, -0.1550],  actual: [0.0577, 0.0254, -0.1670] (mse: 0.000301)
[0.0213, -0.0399, 0.1946, 51.3360, -7.1483, -168.9256]   ===>   [0.0142, 0.0169, -0.1625],  actual: [0.0167, 0.0130, -0.1645] (mse: 0.000025)
[0.0212, -0.0197, 0.1919, 51.6932, -2.1399, -176.1772]   ===>   [0.0143, 0.0344, -0.1621],  actual: [0.0122, 0.0339, -0.1622] (mse: 0.000004)
[-0.0294, -0.0350, 0.1891, 69.6196, -3.3891, -161.6945]   ===>   [0.0663, 0.0163, -0.1730],  actual: [0.0686, 0.0232, -0.1674] (mse: 0.000084)
[-0.0052, -0.0140, 0.1811, -9.0688, -11.6328, -170.9021]   ===>   [0.0374, 0.0382, -0.1643],  actual: [0.0378, 0.0442, -0.1654] (mse: 0.000037)
[0.0037, -0.0166, 0.1814, 11.7842, -9.4957, -178.6630]   ===>   [0.0265, 0.0326, -0.1701],  actual: [0.0297, 0.0400, -0.1658] (mse: 0.000083)
[-0.0243, -0.0447, 0.1865, -82.4044, 13.4368, -163.7147]   ===>   [0.0642, 0.0132, -0.1672],  actual: [0.0644, 0.0154, -0.1670] (mse: 0.000005)
[0.0206, -0.0375, 0.1946, -43.3402, 3.2249, -158.1048]   ===>   [0.0155, 0.0168, -0.1616],  actual: [0.0152, 0.0172, -0.1642] (mse: 0.000007)
[0.0127, -0.0274, 0.1865, -59.0533, 4.9384, -168.6846]   ===>   [0.0208, 0.0223, -0.1621],  actual: [0.0223, 0.0276, -0.1649] (mse: 0.000038)
[0.0193, -0.0240, 0.1892, 69.4224, -3.7030, -174.8023]   ===>   [0.0149, 0.0286, -0.1641],  actual: [0.0152, 0.0282, -0.1632] (mse: 0.000001)
[0.0236, -0.0024, 0.2065, -65.1024, 10.5034, -164.2935]   ===>   [-0.0029, 0.0350, -0.1893],  actual: [0.0099, 0.0513, -0.1603] (mse: 0.001269)
[-0.0263, -0.0447, 0.1838, -32.7129, -1.4270, -162.8588]   ===>   [0.0603, 0.0096, -0.1715],  actual: [0.0656, 0.0145, -0.1675] (mse: 0.000068)
[-0.0146, -0.0080, 0.1742, -61.2660, 16.1998, -160.6074]   ===>   [0.0465, 0.0447, -0.1652],  actual: [0.0503, 0.0487, -0.1674] (mse: 0.000035)
[0.0158, 0.0121, 0.1814, -7.8575, -4.8468, -165.8288]   ===>   [0.0119, 0.0671, -0.1629],  actual: [0.0131, 0.0682, -0.1596] (mse: 0.000013)
[-0.0162, -0.0241, 0.1890, -88.8394, 12.0684, -176.2297]   ===>   [0.0575, 0.0313, -0.1697],  actual: [0.0536, 0.0339, -0.1663] (mse: 0.000033)
[0.0008, -0.0118, 0.1765, 84.7774, -0.2792, -173.1256]   ===>   [0.0294, 0.0398, -0.1674],  actual: [0.0332, 0.0421, -0.1656] (mse: 0.000023)
[0.0189, -0.0278, 0.1892, 77.4103, -6.7603, -173.7401]   ===>   [0.0158, 0.0258, -0.1639],  actual: [0.0172, 0.0244, -0.1624] (mse: 0.000006)
[-0.0309, -0.0392, 0.1839, 12.3931, -0.8150, -161.6099]   ===>   [0.0718, 0.0196, -0.1685],  actual: [0.0688, 0.0196, -0.1702] (mse: 0.000012)
[-0.0064, -0.0163, 0.1742, -8.4284, -4.6337, -159.7372]   ===>   [0.0325, 0.0355, -0.1681],  actual: [0.0413, 0.0387, -0.1657] (mse: 0.000093)
[0.0141, -0.0123, 0.1763, -29.5238, -6.3831, -169.4468]   ===>   [0.0115, 0.0460, -0.1661],  actual: [0.0181, 0.0415, -0.1642] (mse: 0.000068)
[0.0222, -0.0114, 0.1789, -20.4443, 9.9739, -162.4228]   ===>   [0.0093, 0.0345, -0.1604],  actual: [0.0105, 0.0403, -0.1632] (mse: 0.000043)
[0.0237, -0.0129, 0.1892, -58.4922, 12.2477, -166.1067]   ===>   [0.0066, 0.0401, -0.1641],  actual: [0.0099, 0.0402, -0.1626] (mse: 0.000013)
[0.0261, -0.0351, 0.1889, 5.9675, 12.0055, -163.6354]   ===>   [0.0106, 0.0116, -0.1628],  actual: [0.0111, 0.0170, -0.1610] (mse: 0.000032)
[-0.0231, 0.0039, 0.1742, 18.2720, -17.4268, -165.5208]   ===>   [0.0623, 0.0581, -0.1756],  actual: [0.0543, 0.0640, -0.1664] (mse: 0.000182)
[-0.0309, -0.0364, 0.1916, 44.5508, 0.6667, -161.2423]   ===>   [0.0638, 0.0162, -0.1677],  actual: [0.0688, 0.0226, -0.1676] (mse: 0.000066)
[-0.0185, -0.0286, 0.1839, -83.0893, 23.4022, -160.1446]   ===>   [0.0586, 0.0268, -0.1670],  actual: [0.0561, 0.0286, -0.1680] (mse: 0.000010)
[-0.0202, -0.0306, 0.1766, 1.4934, 16.7109, -154.1160]   ===>   [0.0579, 0.0280, -0.1735],  actual: [0.0602, 0.0262, -0.1666] (mse: 0.000057)
[0.0079, -0.0108, 0.1865, 80.3166, -6.6652, -161.9435]   ===>   [0.0265, 0.0379, -0.1606],  actual: [0.0280, 0.0422, -0.1653] (mse: 0.000043)
[0.0175, -0.0313, 0.1865, -45.3178, 14.3059, -171.7194]   ===>   [0.0204, 0.0187, -0.1600],  actual: [0.0200, 0.0223, -0.1624] (mse: 0.000018)
[0.0105, -0.0449, 0.2033, 48.0266, 10.3687, -165.1911]   ===>   [0.0304, 0.0078, -0.1598],  actual: [0.0278, 0.0118, -0.1651] (mse: 0.000051)
[0.0245, -0.0357, 0.1918, 47.5455, -2.6979, -165.8267]   ===>   [0.0060, 0.0158, -0.1626],  actual: [0.0133, 0.0170, -0.1614] (mse: 0.000057)
[0.0028, -0.0433, 0.1947, -82.6521, -6.2374, -162.2349]   ===>   [0.0277, 0.0113, -0.1696],  actual: [0.0335, 0.0154, -0.1649] (mse: 0.000073)
[-0.0005, -0.0123, 0.1762, 75.3132, 3.4313, -179.6045]   ===>   [0.0323, 0.0373, -0.1631],  actual: [0.0331, 0.0428, -0.1655] (mse: 0.000037)
[-0.0301, -0.0416, 0.1814, -2.5288, -12.0641, -167.2105]   ===>   [0.0653, 0.0133, -0.1710],  actual: [0.0695, 0.0171, -0.1674] (mse: 0.000044)
[-0.0029, -0.0394, 0.1864, -18.1046, 6.6547, -169.5064]   ===>   [0.0424, 0.0092, -0.1659],  actual: [0.0414, 0.0164, -0.1666] (mse: 0.000053)
[0.0252, -0.0329, 0.1892, 69.4512, -4.7057, -170.7455]   ===>   [0.0081, 0.0198, -0.1670],  actual: [0.0121, 0.0192, -0.1616] (mse: 0.000046)
[-0.0127, -0.0223, 0.1789, 49.6034, 0.6387, -159.2311]   ===>   [0.0441, 0.0329, -0.1687],  actual: [0.0490, 0.0324, -0.1670] (mse: 0.000027)
[0.0230, 0.0143, 0.1789, 39.2555, -8.4400, -158.0076]   ===>   [0.0069, 0.0670, -0.1629],  actual: [0.0056, 0.0670, -0.1586] (mse: 0.000020)
[0.0134, -0.0428, 0.1947, -75.7357, 16.6949, -167.6790]   ===>   [0.0252, 0.0089, -0.1667],  actual: [0.0253, 0.0130, -0.1640] (mse: 0.000024)
[-0.0187, -0.0060, 0.1693, -11.1712, -3.6170, -155.9625]   ===>   [0.0510, 0.0482, -0.1776],  actual: [0.0549, 0.0517, -0.1671] (mse: 0.000138)
[0.0186, -0.0363, 0.1892, 56.6338, 8.5813, -164.5189]   ===>   [0.0164, 0.0111, -0.1627],  actual: [0.0183, 0.0164, -0.1617] (mse: 0.000033)
[-0.0284, -0.0395, 0.1839, -46.1670, 12.0535, -147.2669]   ===>   [0.0664, 0.0182, -0.1665],  actual: [0.0670, 0.0189, -0.1670] (mse: 0.000001)
[0.0250, -0.0375, 0.1839, -57.8236, 10.8493, -160.3550]   ===>   [0.0088, 0.0137, -0.1608],  actual: [0.0106, 0.0155, -0.1607] (mse: 0.000007)
[0.0198, -0.0449, 0.2031, 32.5157, 7.1934, -167.9275]   ===>   [0.0187, 0.0066, -0.1702],  actual: [0.0182, 0.0116, -0.1621] (mse: 0.000089)
[0.0048, -0.0190, 0.1789, -28.3296, -4.6351, -164.4384]   ===>   [0.0199, 0.0328, -0.1685],  actual: [0.0294, 0.0350, -0.1652] (mse: 0.000105)
[-0.0091, -0.0014, 0.1890, -62.6577, 23.7831, -174.4023]   ===>   [0.0400, 0.0555, -0.1621],  actual: [0.0452, 0.0555, -0.1659] (mse: 0.000041)
[0.0042, -0.0083, 0.1740, -0.4872, 19.5508, -151.6737]   ===>   [0.0265, 0.0348, -0.1674],  actual: [0.0301, 0.0455, -0.1652] (mse: 0.000134)
[0.0204, 0.0024, 0.1839, 50.5488, -12.4895, -168.4430]   ===>   [0.0091, 0.0557, -0.1631],  actual: [0.0097, 0.0545, -0.1598] (mse: 0.000013)
[0.0233, -0.0390, 0.1785, -27.8609, 6.8487, -156.8771]   ===>   [0.0147, 0.0083, -0.1614],  actual: [0.0120, 0.0115, -0.1609] (mse: 0.000018)
[0.0227, 0.0075, 0.1907, 6.0658, 8.7275, -149.8351]   ===>   [0.0073, 0.0642, -0.1643],  actual: [0.0080, 0.0608, -0.1595] (mse: 0.000036)
[0.0049, -0.0408, 0.1918, -47.2834, 8.6534, -160.5533]   ===>   [0.0295, 0.0124, -0.1640],  actual: [0.0328, 0.0150, -0.1642] (mse: 0.000017)
[-0.0299, -0.0359, 0.1765, 19.4205, -11.3819, -174.4270]   ===>   [0.0659, 0.0178, -0.1759],  actual: [0.0696, 0.0218, -0.1676] (mse: 0.000098)
[0.0218, -0.0099, 0.1974, 4.4096, 3.4069, -161.6522]   ===>   [0.0078, 0.0331, -0.1627],  actual: [0.0116, 0.0447, -0.1607] (mse: 0.000153)
[0.0026, -0.0130, 0.1788, -16.1260, 19.3548, -149.7685]   ===>   [0.0289, 0.0412, -0.1675],  actual: [0.0320, 0.0410, -0.1656] (mse: 0.000013)
[0.0194, 0.0098, 0.1670, 65.8019, -2.1822, -174.5724]   ===>   [0.0139, 0.0528, -0.1621],  actual: [0.0080, 0.0649, -0.1591] (mse: 0.000189)
[0.0070, -0.0404, 0.1947, 52.7560, -5.3993, -164.8936]   ===>   [0.0244, 0.0157, -0.1670],  actual: [0.0319, 0.0147, -0.1646] (mse: 0.000063)
[0.0084, -0.0457, 0.2065, 48.1043, 10.0853, -165.2286]   ===>   [0.0330, 0.0109, -0.1634],  actual: [0.0297, 0.0119, -0.1656] (mse: 0.000016)
[-0.0131, -0.0421, 0.1892, -71.3715, 8.4327, -169.4331]   ===>   [0.0500, 0.0104, -0.1644],  actual: [0.0521, 0.0160, -0.1672] (mse: 0.000043)
[-0.0291, -0.0412, 0.1839, 26.5865, -0.2139, -164.3685]   ===>   [0.0687, 0.0159, -0.1664],  actual: [0.0682, 0.0168, -0.1674] (mse: 0.000002)
[0.0052, -0.0279, 0.1974, 64.2032, 0.4726, -165.2554]   ===>   [0.0245, 0.0307, -0.1563],  actual: [0.0321, 0.0277, -0.1648] (mse: 0.000138)
[-0.0240, -0.0358, 0.1789, 0.4381, 12.9998, -161.7597]   ===>   [0.0588, 0.0188, -0.1742],  actual: [0.0638, 0.0210, -0.1692] (mse: 0.000054)
[0.0186, -0.0347, 0.1865, -74.6424, 3.6650, -176.4713]   ===>   [0.0161, 0.0147, -0.1630],  actual: [0.0184, 0.0192, -0.1620] (mse: 0.000026)
[0.0047, -0.0295, 0.1947, 28.4938, -13.7174, -173.8031]   ===>   [0.0250, 0.0241, -0.1735],  actual: [0.0306, 0.0266, -0.1650] (mse: 0.000110)
[0.0170, -0.0320, 0.1814, -74.2445, 6.0276, -178.7913]   ===>   [0.0171, 0.0194, -0.1654],  actual: [0.0199, 0.0207, -0.1623] (mse: 0.000019)
[0.0061, -0.0302, 0.1919, -65.7062, 2.4140, -157.4127]   ===>   [0.0258, 0.0231, -0.1618],  actual: [0.0289, 0.0261, -0.1641] (mse: 0.000024)
[0.0219, -0.0205, 0.1892, 51.4578, -5.1794, -170.1026]   ===>   [0.0143, 0.0285, -0.1615],  actual: [0.0129, 0.0322, -0.1624] (mse: 0.000017)
[-0.0068, -0.0094, 0.1835, 16.6680, -5.1141, -156.5401]   ===>   [0.0412, 0.0433, -0.1630],  actual: [0.0389, 0.0471, -0.1657] (mse: 0.000027)
[-0.0039, -0.0165, 0.1814, 17.6559, -7.3533, -170.6994]   ===>   [0.0379, 0.0360, -0.1679],  actual: [0.0376, 0.0398, -0.1658] (mse: 0.000019)
[0.0079, 0.0099, 0.1763, -88.1486, -4.8011, -161.1070]   ===>   [0.0229, 0.0759, -0.1654],  actual: [0.0211, 0.0689, -0.1619] (mse: 0.000065)
[-0.0363, -0.0463, 0.2204, 41.8689, 0.0324, -167.5441]   ===>   [0.0972, -0.0161, -0.1774],  actual: [0.0689, 0.0195, -0.1673] (mse: 0.002171)
[0.0085, -0.0219, 0.1919, -74.2240, 13.9187, -156.3936]   ===>   [0.0251, 0.0268, -0.1596],  actual: [0.0256, 0.0335, -0.1649] (mse: 0.000074)
[0.0118, -0.0418, 0.1947, 52.6076, -2.5552, -170.7881]   ===>   [0.0238, 0.0134, -0.1643],  actual: [0.0260, 0.0132, -0.1635] (mse: 0.000005)
[-0.0189, -0.0268, 0.1765, -46.0494, 12.4042, -153.2241]   ===>   [0.0481, 0.0282, -0.1702],  actual: [0.0565, 0.0306, -0.1664] (mse: 0.000091)
[0.0247, -0.0365, 0.1976, 38.7118, 10.0764, -158.3333]   ===>   [0.0120, 0.0138, -0.1708],  actual: [0.0130, 0.0170, -0.1610] (mse: 0.000106)
[0.0035, -0.0160, 0.1698, -45.8359, 12.7274, -168.0957]   ===>   [0.0287, 0.0374, -0.1670],  actual: [0.0325, 0.0375, -0.1656] (mse: 0.000017)
[-0.0133, -0.0329, 0.1814, -67.5720, 7.4914, -164.4783]   ===>   [0.0522, 0.0205, -0.1681],  actual: [0.0513, 0.0236, -0.1669] (mse: 0.000012)
[0.0136, -0.0413, 0.1947, 84.5031, -3.9229, -168.2753]   ===>   [0.0257, 0.0127, -0.1662],  actual: [0.0257, 0.0125, -0.1636] (mse: 0.000007)
[-0.0014, -0.0259, 0.1865, -60.0972, -6.5770, -162.7343]   ===>   [0.0339, 0.0285, -0.1659],  actual: [0.0358, 0.0312, -0.1661] (mse: 0.000011)
[-0.0121, -0.0155, 0.1789, 47.3995, -7.8844, -164.1074]   ===>   [0.0507, 0.0341, -0.1660],  actual: [0.0467, 0.0395, -0.1675] (mse: 0.000047)
[0.0001, -0.0177, 0.1812, 9.0849, -4.7083, -170.5329]   ===>   [0.0308, 0.0331, -0.1663],  actual: [0.0324, 0.0387, -0.1650] (mse: 0.000036)
[0.0146, -0.0317, 0.1865, 81.9981, 13.1827, -176.0609]   ===>   [0.0234, 0.0174, -0.1628],  actual: [0.0212, 0.0230, -0.1627] (mse: 0.000036)
[0.0062, -0.0326, 0.1865, 83.6648, -4.3246, -165.7603]   ===>   [0.0282, 0.0187, -0.1670],  actual: [0.0322, 0.0203, -0.1646] (mse: 0.000024)
[0.0116, -0.0218, 0.1892, 40.7292, -5.0753, -170.9517]   ===>   [0.0246, 0.0278, -0.1642],  actual: [0.0221, 0.0324, -0.1640] (mse: 0.000027)
[-0.0263, 0.0147, 0.1917, -76.7262, 22.2389, -171.7579]   ===>   [0.0615, 0.0698, -0.1651],  actual: [0.0586, 0.0734, -0.1667] (mse: 0.000023)
[-0.0255, -0.0192, 0.1890, -68.4916, 12.3381, -161.5555]   ===>   [0.0573, 0.0322, -0.1627],  actual: [0.0612, 0.0398, -0.1687] (mse: 0.000109)
[0.0142, -0.0416, 0.1947, 24.0128, 3.5925, -161.6027]   ===>   [0.0251, 0.0079, -0.1636],  actual: [0.0230, 0.0129, -0.1634] (mse: 0.000029)
[0.0043, 0.0078, 0.1784, -38.2763, -3.6597, -163.4077]   ===>   [0.0224, 0.0668, -0.1649],  actual: [0.0254, 0.0668, -0.1640] (mse: 0.000010)
[0.0030, -0.0090, 0.1838, -36.4367, -12.4762, -161.8401]   ===>   [0.0339, 0.0485, -0.1637],  actual: [0.0280, 0.0486, -0.1647] (mse: 0.000035)
[-0.0078, 0.0010, 0.1812, -59.8121, 24.3736, -166.9839]   ===>   [0.0391, 0.0502, -0.1673],  actual: [0.0430, 0.0575, -0.1662] (mse: 0.000070)
[-0.0321, -0.0214, 0.1916, -80.4503, 13.0040, -174.2872]   ===>   [0.0683, 0.0368, -0.1636],  actual: [0.0693, 0.0391, -0.1687] (mse: 0.000033)
[-0.0122, 0.0079, 0.1753, -36.5431, -9.8198, -160.4085]   ===>   [0.0500, 0.0633, -0.1689],  actual: [0.0429, 0.0694, -0.1667] (mse: 0.000093)
[0.0219, -0.0265, 0.1919, 57.8012, 3.8974, -163.0865]   ===>   [0.0125, 0.0232, -0.1618],  actual: [0.0134, 0.0256, -0.1631] (mse: 0.000008)
[-0.0235, -0.0300, 0.1788, 48.3243, -2.9010, 179.1154]   ===>   [0.0549, 0.0187, -0.1716],  actual: [0.0595, 0.0282, -0.1690] (mse: 0.000117)
[0.0105, -0.0410, 0.1919, -20.0923, 1.9014, -159.3493]   ===>   [0.0284, 0.0118, -0.1610],  actual: [0.0261, 0.0146, -0.1631] (mse: 0.000018)
[0.0151, -0.0334, 0.1919, -31.5518, 17.7779, -156.0686]   ===>   [0.0239, 0.0202, -0.1588],  actual: [0.0216, 0.0211, -0.1627] (mse: 0.000021)
[-0.0075, -0.0210, 0.1860, 17.4504, -8.2408, -168.7201]   ===>   [0.0382, 0.0336, -0.1702],  actual: [0.0421, 0.0359, -0.1668] (mse: 0.000032)
[0.0219, -0.0151, 0.1865, 38.1649, -12.5574, -172.6778]   ===>   [0.0102, 0.0402, -0.1644],  actual: [0.0110, 0.0376, -0.1630] (mse: 0.000010)
[0.0204, -0.0359, 0.1918, 51.3213, -6.8494, -171.5924]   ===>   [0.0150, 0.0204, -0.1629],  actual: [0.0160, 0.0167, -0.1641] (mse: 0.000016)
[-0.0310, -0.0428, 0.1839, 43.0863, -6.3220, -161.8975]   ===>   [0.0716, 0.0111, -0.1628],  actual: [0.0700, 0.0147, -0.1669] (mse: 0.000033)
[0.0236, -0.0399, 0.1919, -75.2010, -0.2930, -172.0926]   ===>   [0.0116, 0.0104, -0.1644],  actual: [0.0138, 0.0149, -0.1609] (mse: 0.000038)
[0.0227, -0.0344, 0.1892, -21.7348, 3.2637, -165.3216]   ===>   [0.0082, 0.0165, -0.1688],  actual: [0.0141, 0.0186, -0.1615] (mse: 0.000093)
[-0.0027, -0.0434, 0.1919, -59.8540, 0.3789, -162.3693]   ===>   [0.0395, 0.0107, -0.1717],  actual: [0.0396, 0.0146, -0.1670] (mse: 0.000037)
[0.0070, -0.0014, 0.1912, -34.3431, 5.8589, -157.9154]   ===>   [0.0262, 0.0528, -0.1591],  actual: [0.0253, 0.0526, -0.1621] (mse: 0.000010)
[-0.0135, -0.0334, 0.1839, -4.8757, -6.6941, -168.3931]   ===>   [0.0475, 0.0215, -0.1671],  actual: [0.0510, 0.0235, -0.1664] (mse: 0.000017)
[-0.0087, -0.0304, 0.1839, -39.9880, -7.3548, -160.7539]   ===>   [0.0411, 0.0223, -0.1650],  actual: [0.0446, 0.0262, -0.1666] (mse: 0.000031)
[0.0243, -0.0407, 0.1945, 33.2285, 6.6724, -168.8791]   ===>   [0.0139, 0.0135, -0.1654],  actual: [0.0135, 0.0135, -0.1609] (mse: 0.000021)
[0.0167, -0.0254, 0.1919, 25.6594, -5.8955, -158.2159]   ===>   [0.0200, 0.0250, -0.1660],  actual: [0.0189, 0.0275, -0.1631] (mse: 0.000016)
[0.0100, -0.0411, 0.1919, -20.6981, 1.8397, -160.0745]   ===>   [0.0292, 0.0121, -0.1610],  actual: [0.0266, 0.0146, -0.1631] (mse: 0.000017)
[0.0234, -0.0393, 0.1892, -79.8525, 0.7784, -169.4518]   ===>   [0.0110, 0.0133, -0.1672],  actual: [0.0135, 0.0152, -0.1609] (mse: 0.000049)
[0.0128, -0.0179, 0.1947, 73.9108, 0.4050, -177.4272]   ===>   [0.0170, 0.0413, -0.1651],  actual: [0.0209, 0.0368, -0.1631] (mse: 0.000039)
[0.0221, -0.0346, 0.1839, -51.7993, 19.6402, -156.4642]   ===>   [0.0124, 0.0133, -0.1539],  actual: [0.0147, 0.0167, -0.1612] (mse: 0.000069)
[0.0252, -0.0437, 0.2006, -5.1349, 17.2981, -159.5959]   ===>   [0.0196, 0.0068, -0.1660],  actual: [0.0145, 0.0114, -0.1611] (mse: 0.000072)
[0.0247, -0.0279, 0.1892, -61.2665, 22.7211, -158.7898]   ===>   [0.0110, 0.0174, -0.1579],  actual: [0.0110, 0.0250, -0.1621] (mse: 0.000075)
[0.0242, -0.0356, 0.1891, 75.7715, -2.8991, -170.7182]   ===>   [0.0108, 0.0163, -0.1654],  actual: [0.0137, 0.0168, -0.1614] (mse: 0.000025)
[0.0116, 0.0016, 0.1742, 17.5232, -9.1887, -168.0867]   ===>   [0.0140, 0.0523, -0.1636],  actual: [0.0191, 0.0567, -0.1615] (mse: 0.000049)
[-0.0096, -0.0416, 0.1919, -61.8632, 10.2593, -166.5721]   ===>   [0.0487, 0.0152, -0.1673],  actual: [0.0471, 0.0168, -0.1675] (mse: 0.000005)
[-0.0335, -0.0094, 0.1864, -19.0821, 18.5230, -154.0215]   ===>   [0.0671, 0.0459, -0.1677],  actual: [0.0691, 0.0508, -0.1693] (mse: 0.000030)
[-0.0043, -0.0194, 0.1813, -5.3875, 14.2801, -149.7233]   ===>   [0.0372, 0.0363, -0.1651],  actual: [0.0399, 0.0354, -0.1665] (mse: 0.000011)
[-0.0315, -0.0230, 0.1864, -46.6065, 21.2161, -153.5485]   ===>   [0.0689, 0.0307, -0.1717],  actual: [0.0687, 0.0368, -0.1688] (mse: 0.000046)
[0.0191, -0.0323, 0.1976, 36.0497, 7.4378, -165.0784]   ===>   [0.0129, 0.0186, -0.1695],  actual: [0.0170, 0.0225, -0.1619] (mse: 0.000090)
[0.0127, -0.0408, 0.1919, 52.8245, -5.0834, -170.5882]   ===>   [0.0258, 0.0127, -0.1630],  actual: [0.0242, 0.0129, -0.1631] (mse: 0.000003)
[-0.0303, -0.0099, 0.1945, -69.7492, 15.3745, -174.2247]   ===>   [0.0718, 0.0454, -0.1644],  actual: [0.0660, 0.0495, -0.1689] (mse: 0.000072)
[-0.0089, -0.0217, 0.1698, -49.1620, -3.8508, -160.4634]   ===>   [0.0338, 0.0230, -0.1667],  actual: [0.0451, 0.0336, -0.1663] (mse: 0.000238)
[-0.0108, -0.0302, 0.1740, 17.3926, -6.9795, -164.6830]   ===>   [0.0461, 0.0164, -0.1701],  actual: [0.0489, 0.0237, -0.1670] (mse: 0.000070)
[-0.0343, -0.0065, 0.1863, -53.0237, 24.0881, -148.8851]   ===>   [0.0725, 0.0468, -0.1638],  actual: [0.0686, 0.0530, -0.1695] (mse: 0.000086)
[0.0150, -0.0356, 0.1976, -73.7622, 4.8761, -166.8717]   ===>   [0.0241, 0.0191, -0.1600],  actual: [0.0219, 0.0209, -0.1632] (mse: 0.000018)
[0.0064, -0.0187, 0.1717, 1.5594, -3.0861, -168.9659]   ===>   [0.0278, 0.0332, -0.1661],  actual: [0.0280, 0.0342, -0.1656] (mse: 0.000001)
[-0.0180, -0.0375, 0.1865, 82.0105, -7.7496, -163.4645]   ===>   [0.0546, 0.0094, -0.1633],  actual: [0.0577, 0.0182, -0.1687] (mse: 0.000116)
[0.0066, -0.0164, 0.1838, -0.2036, -10.8446, -153.7433]   ===>   [0.0272, 0.0354, -0.1623],  actual: [0.0271, 0.0368, -0.1653] (mse: 0.000011)
[0.0191, -0.0331, 0.1947, -52.8283, -2.9134, -167.5952]   ===>   [0.0151, 0.0164, -0.1628],  actual: [0.0164, 0.0222, -0.1646] (mse: 0.000039)
[0.0102, -0.0130, 0.1811, -15.0842, 20.1283, -153.2388]   ===>   [0.0226, 0.0348, -0.1671],  actual: [0.0241, 0.0402, -0.1648] (mse: 0.000037)
[0.0087, -0.0430, 0.1947, -85.3818, 8.7080, -155.8837]   ===>   [0.0290, 0.0087, -0.1591],  actual: [0.0278, 0.0140, -0.1638] (mse: 0.000051)
[0.0148, -0.0274, 0.1919, -61.2608, 12.7522, -152.0330]   ===>   [0.0197, 0.0267, -0.1565],  actual: [0.0197, 0.0278, -0.1630] (mse: 0.000043)
[0.0072, -0.0250, 0.1865, 53.6859, -6.0249, -179.6099]   ===>   [0.0245, 0.0303, -0.1681],  actual: [0.0275, 0.0300, -0.1647] (mse: 0.000021)
[0.0012, -0.0392, 0.1976, 42.8409, -6.2204, -159.8174]   ===>   [0.0280, 0.0169, -0.1741],  actual: [0.0356, 0.0163, -0.1670] (mse: 0.000108)
[-0.0113, -0.0408, 0.1919, 18.7919, -13.3043, -169.9648]   ===>   [0.0414, 0.0115, -0.1730],  actual: [0.0465, 0.0171, -0.1676] (mse: 0.000088)
[-0.0099, -0.0158, 0.1813, -18.9000, 10.5637, -157.0833]   ===>   [0.0441, 0.0378, -0.1640],  actual: [0.0456, 0.0396, -0.1674] (mse: 0.000017)
[0.0116, -0.0460, 0.1976, -78.1773, 16.4876, -150.7954]   ===>   [0.0270, 0.0071, -0.1715],  actual: [0.0257, 0.0115, -0.1646] (mse: 0.000070)
[0.0257, -0.0364, 0.1835, -18.5324, 2.8093, -170.9158]   ===>   [0.0089, 0.0137, -0.1667],  actual: [0.0113, 0.0152, -0.1609] (mse: 0.000041)
[0.0163, -0.0180, 0.1892, 69.4492, -6.1685, -173.1356]   ===>   [0.0178, 0.0337, -0.1644],  actual: [0.0174, 0.0343, -0.1640] (mse: 0.000001)
[0.0035, -0.0204, 0.1697, 1.4904, -3.1843, -168.2494]   ===>   [0.0297, 0.0295, -0.1687],  actual: [0.0316, 0.0326, -0.1658] (mse: 0.000022)
[0.0241, -0.0344, 0.1892, -2.2964, -8.4209, -158.6575]   ===>   [0.0132, 0.0226, -0.1624],  actual: [0.0120, 0.0179, -0.1609] (mse: 0.000026)
[0.0243, -0.0427, 0.1916, -73.3926, 1.1618, -171.9592]   ===>   [0.0108, 0.0075, -0.1637],  actual: [0.0136, 0.0118, -0.1609] (mse: 0.000033)
[0.0233, -0.0395, 0.1919, -49.5833, 19.4693, -164.9876]   ===>   [0.0176, 0.0116, -0.1591],  actual: [0.0150, 0.0143, -0.1615] (mse: 0.000020)
[-0.0317, -0.0238, 0.1812, 7.6614, -12.2959, -164.1363]   ===>   [0.0729, 0.0322, -0.1709],  actual: [0.0692, 0.0351, -0.1684] (mse: 0.000029)
[-0.0161, -0.0225, 0.1789, -44.4417, 16.3040, -154.0166]   ===>   [0.0497, 0.0304, -0.1650],  actual: [0.0535, 0.0341, -0.1661] (mse: 0.000030)
[0.0237, -0.0391, 0.1812, -75.3468, -1.7753, -170.6435]   ===>   [0.0087, 0.0083, -0.1662],  actual: [0.0124, 0.0136, -0.1606] (mse: 0.000073)
[0.0021, -0.0231, 0.1813, -30.6739, -3.7620, -167.0088]   ===>   [0.0284, 0.0276, -0.1661],  actual: [0.0328, 0.0317, -0.1655] (mse: 0.000037)
[-0.0179, -0.0266, 0.1890, -81.9619, 9.8038, -173.3279]   ===>   [0.0556, 0.0318, -0.1690],  actual: [0.0553, 0.0318, -0.1666] (mse: 0.000006)
[-0.0145, 0.0040, 0.1833, -6.1265, -11.1251, -157.6499]   ===>   [0.0454, 0.0590, -0.1676],  actual: [0.0448, 0.0633, -0.1658] (mse: 0.000022)
[-0.0018, -0.0135, 0.1814, 85.5901, -6.1091, -163.5743]   ===>   [0.0384, 0.0358, -0.1713],  actual: [0.0388, 0.0403, -0.1650] (mse: 0.000060)
[0.0251, -0.0317, 0.1864, -16.4467, 11.7546, -156.8205]   ===>   [0.0119, 0.0194, -0.1629],  actual: [0.0104, 0.0203, -0.1609] (mse: 0.000007)
[0.0205, -0.0312, 0.1918, 3.6711, -8.1397, -165.0719]   ===>   [0.0147, 0.0207, -0.1661],  actual: [0.0155, 0.0223, -0.1622] (mse: 0.000018)
[0.0217, -0.0093, 0.1814, 60.5321, 4.2786, -161.5446]   ===>   [0.0182, 0.0430, -0.1623],  actual: [0.0106, 0.0420, -0.1623] (mse: 0.000059)
[0.0028, -0.0244, 0.1917, -88.3768, 6.9459, -177.3805]   ===>   [0.0318, 0.0261, -0.1708],  actual: [0.0336, 0.0316, -0.1660] (mse: 0.000056)
[0.0223, -0.0299, 0.1863, -6.6370, 14.0479, -162.7480]   ===>   [0.0142, 0.0165, -0.1665],  actual: [0.0138, 0.0224, -0.1623] (mse: 0.000053)
[-0.0249, -0.0432, 0.1865, 43.4257, -3.6467, -159.7814]   ===>   [0.0627, 0.0102, -0.1671],  actual: [0.0648, 0.0139, -0.1677] (mse: 0.000019)
[0.0133, 0.0111, 0.1892, 20.7654, -16.0784, -167.8438]   ===>   [0.0174, 0.0666, -0.1658],  actual: [0.0150, 0.0659, -0.1632] (mse: 0.000013)
[0.0044, -0.0290, 0.1919, -44.3065, 16.0324, -148.2009]   ===>   [0.0329, 0.0276, -0.1591],  actual: [0.0309, 0.0264, -0.1649] (mse: 0.000038)
[0.0247, -0.0243, 0.1919, -84.8346, -1.5979, -172.0848]   ===>   [0.0130, 0.0302, -0.1703],  actual: [0.0101, 0.0308, -0.1620] (mse: 0.000077)
[0.0207, -0.0395, 0.1976, -40.6917, -11.8879, -172.9205]   ===>   [0.0098, 0.0110, -0.1723],  actual: [0.0159, 0.0165, -0.1640] (mse: 0.000136)
[-0.0286, -0.0415, 0.1864, 62.0216, -6.8996, -178.1671]   ===>   [0.0687, 0.0139, -0.1681],  actual: [0.0675, 0.0169, -0.1700] (mse: 0.000014)
[0.0217, -0.0028, 0.1850, -65.3234, 19.6453, -162.3341]   ===>   [0.0107, 0.0445, -0.1672],  actual: [0.0102, 0.0523, -0.1602] (mse: 0.000110)
[0.0081, 0.0148, 0.1813, 17.4827, -11.0726, -165.3692]   ===>   [0.0218, 0.0705, -0.1623],  actual: [0.0208, 0.0711, -0.1642] (mse: 0.000005)
[-0.0299, -0.0363, 0.1789, -37.7597, -8.8870, -165.8795]   ===>   [0.0631, 0.0130, -0.1742],  actual: [0.0689, 0.0229, -0.1673] (mse: 0.000179)
[-0.0152, -0.0117, 0.1814, 15.9534, -1.1440, -156.8719]   ===>   [0.0453, 0.0400, -0.1720],  actual: [0.0514, 0.0448, -0.1673] (mse: 0.000082)
[-0.0093, -0.0255, 0.1717, 75.9472, -0.4509, -178.5205]   ===>   [0.0394, 0.0275, -0.1603],  actual: [0.0463, 0.0277, -0.1659] (mse: 0.000080)
[-0.0291, -0.0386, 0.1789, -49.1517, 3.9047, -158.6014]   ===>   [0.0612, 0.0141, -0.1752],  actual: [0.0680, 0.0200, -0.1702] (mse: 0.000104)
[0.0168, 0.0097, 0.1694, -75.0910, 8.4714, -158.3407]   ===>   [0.0075, 0.0711, -0.1658],  actual: [0.0115, 0.0663, -0.1593] (mse: 0.000081)
[0.0132, -0.0284, 0.1864, -46.9354, -3.2695, -170.5614]   ===>   [0.0198, 0.0245, -0.1635],  actual: [0.0218, 0.0258, -0.1647] (mse: 0.000007)
[-0.0324, 0.0007, 0.1785, -7.8668, 21.9066, -165.1688]   ===>   [0.0712, 0.0463, -0.1709],  actual: [0.0695, 0.0632, -0.1701] (mse: 0.000289)
[0.0207, 0.0116, 0.1995, -37.9078, 8.2957, -160.5253]   ===>   [0.0029, 0.0581, -0.1630],  actual: [0.0099, 0.0639, -0.1630] (mse: 0.000082)
[0.0170, -0.0410, 0.1919, 43.0754, -12.1586, -178.5314]   ===>   [0.0188, 0.0151, -0.1606],  actual: [0.0195, 0.0130, -0.1624] (mse: 0.000008)
[0.0137, -0.0428, 0.1947, 47.9037, 10.4240, -165.0154]   ===>   [0.0204, 0.0113, -0.1619],  actual: [0.0240, 0.0117, -0.1640] (mse: 0.000018)
[0.0092, -0.0188, 0.1919, -80.0875, 7.3489, -159.8815]   ===>   [0.0236, 0.0235, -0.1646],  actual: [0.0243, 0.0372, -0.1643] (mse: 0.000191)
[0.0156, -0.0095, 0.1940, -29.1548, 10.1794, -163.8258]   ===>   [0.0172, 0.0382, -0.1604],  actual: [0.0180, 0.0444, -0.1644] (mse: 0.000056)
[0.0215, 0.0145, 0.1788, 26.1693, -9.2963, -160.9869]   ===>   [0.0063, 0.0692, -0.1618],  actual: [0.0067, 0.0682, -0.1583] (mse: 0.000013)
[0.0053, -0.0192, 0.1812, -32.3157, -5.7336, -165.8162]   ===>   [0.0282, 0.0334, -0.1666],  actual: [0.0285, 0.0356, -0.1651] (mse: 0.000007)
[0.0243, 0.0173, 0.1919, 63.3511, -7.5523, -164.1727]   ===>   [0.0067, 0.0668, -0.1661],  actual: [0.0055, 0.0685, -0.1584] (mse: 0.000064)
[0.0073, -0.0185, 0.1814, 62.7077, 3.6702, -167.6252]   ===>   [0.0258, 0.0318, -0.1685],  actual: [0.0264, 0.0345, -0.1654] (mse: 0.000017)
[-0.0224, -0.0417, 0.1839, -6.6457, 1.6447, -164.8298]   ===>   [0.0611, 0.0123, -0.1677],  actual: [0.0606, 0.0168, -0.1681] (mse: 0.000020)
[0.0251, -0.0232, 0.1865, 85.4498, 4.3644, -164.7004]   ===>   [0.0070, 0.0283, -0.1636],  actual: [0.0103, 0.0275, -0.1618] (mse: 0.000015)
[-0.0272, -0.0398, 0.1839, -18.4396, 16.4344, -157.2125]   ===>   [0.0667, 0.0220, -0.1676],  actual: [0.0667, 0.0185, -0.1696] (mse: 0.000016)
[0.0211, -0.0175, 0.1919, 51.7135, -2.5307, -176.1890]   ===>   [0.0139, 0.0365, -0.1613],  actual: [0.0119, 0.0360, -0.1619] (mse: 0.000005)
[-0.0261, -0.0393, 0.1838, -48.5229, 5.3426, -158.4107]   ===>   [0.0625, 0.0146, -0.1698],  actual: [0.0640, 0.0196, -0.1695] (mse: 0.000027)
[0.0246, -0.0390, 0.1865, -35.2790, 14.4896, -155.9338]   ===>   [0.0115, 0.0145, -0.1603],  actual: [0.0119, 0.0136, -0.1606] (mse: 0.000001)
[-0.0095, -0.0292, 0.1839, 69.5119, -1.6232, -179.9527]   ===>   [0.0442, 0.0269, -0.1655],  actual: [0.0450, 0.0261, -0.1663] (mse: 0.000002)
[0.0237, -0.0406, 0.1825, -45.3336, 13.6942, -155.4521]   ===>   [0.0139, 0.0110, -0.1674],  actual: [0.0124, 0.0114, -0.1603] (mse: 0.000053)
[0.0139, -0.0356, 0.1947, -40.0460, 7.0479, -156.9547]   ===>   [0.0222, 0.0185, -0.1594],  actual: [0.0219, 0.0206, -0.1631] (mse: 0.000019)
[-0.0133, -0.0224, 0.1789, 53.1045, 1.0484, -163.0500]   ===>   [0.0449, 0.0351, -0.1697],  actual: [0.0499, 0.0324, -0.1670] (mse: 0.000040)
[0.0178, -0.0413, 0.1891, -14.2803, 5.6957, -165.9690]   ===>   [0.0134, 0.0109, -0.1658],  actual: [0.0197, 0.0127, -0.1616] (mse: 0.000060)
[0.0202, 0.0109, 0.1814, 24.2821, -9.2447, -164.6722]   ===>   [0.0077, 0.0630, -0.1585],  actual: [0.0092, 0.0649, -0.1594] (mse: 0.000007)
[0.0219, -0.0293, 0.1892, 60.4593, -8.8463, -156.3324]   ===>   [0.0119, 0.0216, -0.1655],  actual: [0.0155, 0.0216, -0.1624] (mse: 0.000022)
[0.0211, -0.0144, 0.1838, 68.0378, 7.0471, -173.9778]   ===>   [0.0186, 0.0343, -0.1586],  actual: [0.0110, 0.0384, -0.1629] (mse: 0.000094)
[0.0037, -0.0151, 0.1698, -26.3984, 18.6239, -157.7186]   ===>   [0.0308, 0.0328, -0.1612],  actual: [0.0315, 0.0387, -0.1653] (mse: 0.000053)
[0.0059, -0.0187, 0.1698, -46.0981, 11.7572, -168.0914]   ===>   [0.0248, 0.0329, -0.1675],  actual: [0.0301, 0.0342, -0.1650] (mse: 0.000036)
[-0.0301, -0.0396, 0.1838, -69.4701, 11.7225, -156.0184]   ===>   [0.0692, 0.0161, -0.1685],  actual: [0.0690, 0.0197, -0.1672] (mse: 0.000015)
[-0.0019, -0.0323, 0.1918, 89.6035, 11.4227, -175.7865]   ===>   [0.0401, 0.0191, -0.1601],  actual: [0.0379, 0.0235, -0.1655] (mse: 0.000054)
[0.0252, -0.0373, 0.1811, -38.8003, 19.7669, -156.3503]   ===>   [0.0153, 0.0057, -0.1637],  actual: [0.0110, 0.0138, -0.1602] (mse: 0.000095)
[0.0232, -0.0385, 0.1735, -47.8522, 7.5703, -157.7208]   ===>   [0.0106, 0.0104, -0.1649],  actual: [0.0113, 0.0121, -0.1602] (mse: 0.000025)
[-0.0035, -0.0093, 0.1716, 57.3370, -6.8385, -175.8435]   ===>   [0.0327, 0.0411, -0.1680],  actual: [0.0364, 0.0449, -0.1653] (mse: 0.000036)
[-0.0027, -0.0129, 0.1717, 52.6847, -3.3734, -176.6983]   ===>   [0.0281, 0.0402, -0.1633],  actual: [0.0359, 0.0414, -0.1654] (mse: 0.000067)
[-0.0111, -0.0247, 0.1839, -11.2335, -1.9699, -160.2965]   ===>   [0.0480, 0.0270, -0.1676],  actual: [0.0462, 0.0315, -0.1676] (mse: 0.000023)
[0.0231, -0.0414, 0.1945, 23.7391, -5.3549, -163.4494]   ===>   [0.0115, 0.0104, -0.1625],  actual: [0.0147, 0.0119, -0.1616] (mse: 0.000013)
[-0.0362, -0.0036, 0.1976, -42.9454, -19.3744, -172.1332]   ===>   [0.0720, 0.0562, -0.1903],  actual: [0.0660, 0.0617, -0.1695] (mse: 0.000498)
[0.0079, -0.0173, 0.1856, -30.3521, -11.9359, -177.0181]   ===>   [0.0184, 0.0387, -0.1752],  actual: [0.0255, 0.0401, -0.1650] (mse: 0.000157)
[-0.0066, -0.0185, 0.1839, -6.8550, -0.8814, -156.5130]   ===>   [0.0406, 0.0353, -0.1674],  actual: [0.0420, 0.0370, -0.1668] (mse: 0.000005)
[0.0262, -0.0326, 0.1863, 75.0947, 0.7958, -178.3571]   ===>   [0.0095, 0.0210, -0.1598],  actual: [0.0096, 0.0195, -0.1611] (mse: 0.000004)
[0.0080, 0.0112, 0.1691, -54.0436, -1.1344, -155.6230]   ===>   [0.0202, 0.0749, -0.1612],  actual: [0.0203, 0.0695, -0.1615] (mse: 0.000029)
[-0.0002, -0.0327, 0.1916, 48.3907, 6.6682, -167.9997]   ===>   [0.0339, 0.0170, -0.1600],  actual: [0.0360, 0.0231, -0.1651] (mse: 0.000069)
[0.0105, -0.0067, 0.1742, -73.3586, 23.5876, -175.9190]   ===>   [0.0200, 0.0423, -0.1705],  actual: [0.0243, 0.0464, -0.1646] (mse: 0.000070)
[-0.0066, -0.0281, 0.1813, -10.6561, 2.9295, -166.4871]   ===>   [0.0450, 0.0204, -0.1623],  actual: [0.0443, 0.0276, -0.1660] (mse: 0.000067)
[0.0199, -0.0329, 0.1947, -20.7141, 12.6075, -150.1780]   ===>   [0.0211, 0.0180, -0.1633],  actual: [0.0156, 0.0206, -0.1644] (mse: 0.000039)
[-0.0289, -0.0464, 0.1947, -19.4222, -8.2190, -165.8379]   ===>   [0.0640, 0.0061, -0.1775],  actual: [0.0646, 0.0163, -0.1678] (mse: 0.000197)
[-0.0012, -0.0012, 0.1864, -4.4286, -6.3601, -163.1456]   ===>   [0.0319, 0.0542, -0.1660],  actual: [0.0317, 0.0566, -0.1655] (mse: 0.000006)
[0.0217, 0.0120, 0.1825, 9.3634, -2.1007, -157.2048]   ===>   [0.0105, 0.0631, -0.1624],  actual: [0.0082, 0.0661, -0.1592] (mse: 0.000025)
[-0.0359, -0.0054, 0.1916, -75.2424, 15.7732, -160.8185]   ===>   [0.0693, 0.0464, -0.1649],  actual: [0.0686, 0.0552, -0.1695] (mse: 0.000100)
[-0.0200, -0.0450, 0.1892, -15.4919, -10.8783, -171.9905]   ===>   [0.0557, 0.0107, -0.1739],  actual: [0.0582, 0.0144, -0.1674] (mse: 0.000061)
[-0.0308, -0.0030, 0.1973, -69.9259, 14.9945, -174.2271]   ===>   [0.0718, 0.0529, -0.1686],  actual: [0.0650, 0.0570, -0.1683] (mse: 0.000063)
[-0.0142, -0.0437, 0.1919, -52.0496, 7.1594, -166.6740]   ===>   [0.0503, 0.0114, -0.1672],  actual: [0.0523, 0.0159, -0.1671] (mse: 0.000024)
[-0.0283, -0.0384, 0.1789, 13.8515, -8.3867, -163.7916]   ===>   [0.0657, 0.0133, -0.1700],  actual: [0.0685, 0.0189, -0.1675] (mse: 0.000045)
[0.0038, -0.0394, 0.1919, 52.8201, -6.0848, -166.3915]   ===>   [0.0368, 0.0136, -0.1630],  actual: [0.0339, 0.0151, -0.1649] (mse: 0.000015)
[0.0160, -0.0285, 0.1865, -6.9032, 16.0072, -158.7164]   ===>   [0.0194, 0.0164, -0.1636],  actual: [0.0202, 0.0244, -0.1646] (mse: 0.000065)
[-0.0319, -0.0437, 0.1973, 39.1412, -4.3111, -172.9476]   ===>   [0.0605, 0.0116, -0.1775],  actual: [0.0692, 0.0178, -0.1675] (mse: 0.000213)
[0.0219, -0.0185, 0.1865, -25.7030, 18.7406, -155.5367]   ===>   [0.0090, 0.0285, -0.1626],  actual: [0.0127, 0.0338, -0.1623] (mse: 0.000042)
[0.0174, -0.0330, 0.1919, -43.7505, 8.0038, -157.2928]   ===>   [0.0186, 0.0203, -0.1621],  actual: [0.0175, 0.0219, -0.1645] (mse: 0.000010)
[0.0067, -0.0014, 0.1766, 8.7118, -2.5269, -162.2569]   ===>   [0.0251, 0.0512, -0.1613],  actual: [0.0237, 0.0544, -0.1620] (mse: 0.000013)
[-0.0308, -0.0139, 0.1863, -74.3663, 15.9736, -175.8257]   ===>   [0.0675, 0.0449, -0.1638],  actual: [0.0689, 0.0461, -0.1687] (mse: 0.000027)
[0.0146, 0.0033, 0.1865, -48.8811, 21.3582, -155.1551]   ===>   [0.0122, 0.0528, -0.1678],  actual: [0.0173, 0.0565, -0.1620] (mse: 0.000073)
[0.0008, -0.0154, 0.1891, 26.3935, 0.3798, -158.7598]   ===>   [0.0294, 0.0407, -0.1675],  actual: [0.0320, 0.0400, -0.1651] (mse: 0.000013)
[-0.0091, -0.0296, 0.1865, 74.6441, 5.2671, 177.7316]   ===>   [0.0357, 0.0257, -0.1645],  actual: [0.0444, 0.0278, -0.1658] (mse: 0.000081)
[0.0227, 0.0108, 0.1838, -12.5576, -11.7189, -179.4558]   ===>   [0.0013, 0.0663, -0.1597],  actual: [0.0071, 0.0671, -0.1587] (mse: 0.000035)
[-0.0083, -0.0260, 0.1742, -74.5441, 1.6959, -166.3823]   ===>   [0.0431, 0.0238, -0.1663],  actual: [0.0446, 0.0287, -0.1674] (mse: 0.000027)
[0.0197, -0.0381, 0.1947, 6.6207, 1.8956, -154.3985]   ===>   [0.0157, 0.0118, -0.1642],  actual: [0.0161, 0.0151, -0.1643] (mse: 0.000011)
[0.0143, -0.0294, 0.1839, 15.2428, 18.6586, -152.1043]   ===>   [0.0174, 0.0128, -0.1642],  actual: [0.0233, 0.0229, -0.1632] (mse: 0.000137)
[0.0180, -0.0329, 0.1891, -46.9111, -1.9717, -174.4595]   ===>   [0.0168, 0.0204, -0.1612],  actual: [0.0178, 0.0214, -0.1646] (mse: 0.000014)
[-0.0259, 0.0118, 0.1891, -82.6113, 27.1027, -172.9351]   ===>   [0.0594, 0.0687, -0.1713],  actual: [0.0590, 0.0701, -0.1666] (mse: 0.000024)
[-0.0136, -0.0246, 0.1654, -35.1319, 5.0443, -164.7592]   ===>   [0.0578, 0.0219, -0.1785],  actual: [0.0527, 0.0301, -0.1677] (mse: 0.000209)
[0.0231, -0.0309, 0.1836, 27.5790, 12.3402, -156.4379]   ===>   [0.0154, 0.0165, -0.1590],  actual: [0.0139, 0.0196, -0.1609] (mse: 0.000015)
[-0.0320, -0.0332, 0.1838, -60.7494, 1.2566, -152.5737]   ===>   [0.0672, 0.0212, -0.1716],  actual: [0.0685, 0.0270, -0.1682] (mse: 0.000047)
[-0.0273, 0.0015, 0.1916, -12.2601, -14.2846, -170.6156]   ===>   [0.0550, 0.0580, -0.1802],  actual: [0.0569, 0.0638, -0.1666] (mse: 0.000220)
[0.0148, -0.0251, 0.1892, -87.9447, 17.1640, -162.4512]   ===>   [0.0211, 0.0263, -0.1602],  actual: [0.0204, 0.0301, -0.1632] (mse: 0.000024)
[0.0147, 0.0042, 0.1813, 41.6047, 0.9783, -156.3677]   ===>   [0.0147, 0.0545, -0.1573],  actual: [0.0163, 0.0569, -0.1618] (mse: 0.000029)
[0.0177, -0.0264, 0.1919, 76.9198, -5.6413, -174.1469]   ===>   [0.0174, 0.0267, -0.1641],  actual: [0.0179, 0.0260, -0.1628] (mse: 0.000003)
[0.0248, 0.0141, 0.2133, 51.3031, -7.4096, -169.5726]   ===>   [0.0032, 0.0686, -0.1639],  actual: [0.0070, 0.0656, -0.1587] (mse: 0.000051)
[0.0160, 0.0095, 0.1808, -4.6562, -6.3024, -157.5654]   ===>   [0.0102, 0.0618, -0.1626],  actual: [0.0126, 0.0648, -0.1633] (mse: 0.000015)
[-0.0308, -0.0341, 0.1863, -60.2446, 7.5525, -162.5493]   ===>   [0.0663, 0.0198, -0.1746],  actual: [0.0685, 0.0267, -0.1681] (mse: 0.000095)
[0.0013, -0.0153, 0.1765, -32.1871, -6.0022, -165.9731]   ===>   [0.0259, 0.0340, -0.1686],  actual: [0.0325, 0.0402, -0.1652] (mse: 0.000094)
[0.0010, -0.0406, 0.1947, 52.5669, -4.1616, -170.5725]   ===>   [0.0325, 0.0158, -0.1685],  actual: [0.0356, 0.0151, -0.1654] (mse: 0.000020)
[-0.0095, 0.0035, 0.1766, 32.7685, -9.3607, -166.0059]   ===>   [0.0437, 0.0590, -0.1609],  actual: [0.0401, 0.0610, -0.1659] (mse: 0.000042)
[-0.0299, -0.0407, 0.1789, -78.1429, 6.4464, -155.8960]   ===>   [0.0637, 0.0147, -0.1673],  actual: [0.0691, 0.0193, -0.1675] (mse: 0.000050)
[-0.0155, -0.0438, 0.1864, -79.6041, 0.5888, -168.7874]   ===>   [0.0510, 0.0065, -0.1711],  actual: [0.0539, 0.0144, -0.1675] (mse: 0.000084)
[0.0114, -0.0400, 0.1865, -65.3819, 2.6456, -175.7475]   ===>   [0.0273, 0.0123, -0.1650],  actual: [0.0267, 0.0146, -0.1631] (mse: 0.000009)
[0.0110, -0.0130, 0.1892, 55.6497, 3.5095, -168.2985]   ===>   [0.0216, 0.0423, -0.1597],  actual: [0.0217, 0.0409, -0.1646] (mse: 0.000026)
[0.0234, -0.0258, 0.1865, 79.2876, 11.2075, -168.8873]   ===>   [0.0082, 0.0224, -0.1670],  actual: [0.0111, 0.0263, -0.1623] (mse: 0.000046)
[0.0159, -0.0398, 0.1892, 33.1760, 4.2445, -166.6619]   ===>   [0.0200, 0.0121, -0.1639],  actual: [0.0214, 0.0138, -0.1618] (mse: 0.000009)
[0.0127, -0.0224, 0.1919, 85.7957, -1.0841, -179.9751]   ===>   [0.0192, 0.0331, -0.1641],  actual: [0.0217, 0.0308, -0.1636] (mse: 0.000012)
[-0.0289, -0.0446, 0.1838, 9.6232, -1.6982, -167.3185]   ===>   [0.0704, 0.0142, -0.1637],  actual: [0.0673, 0.0145, -0.1672] (mse: 0.000022)
[0.0027, -0.0104, 0.1887, -15.9357, 13.2898, -155.6135]   ===>   [0.0353, 0.0429, -0.1633],  actual: [0.0318, 0.0442, -0.1652] (mse: 0.000017)
[-0.0117, -0.0276, 0.1813, 50.8842, 6.7017, 178.8389]   ===>   [0.0485, 0.0187, -0.1638],  actual: [0.0456, 0.0299, -0.1674] (mse: 0.000146)
[0.0155, -0.0358, 0.1976, 13.7815, -2.4650, -170.6901]   ===>   [0.0182, 0.0223, -0.1677],  actual: [0.0218, 0.0199, -0.1624] (mse: 0.000045)
[-0.0273, -0.0457, 0.1892, -47.7490, -0.4675, -167.2646]   ===>   [0.0658, 0.0080, -0.1687],  actual: [0.0660, 0.0150, -0.1672] (mse: 0.000051)
[0.0114, -0.0375, 0.1945, 48.1720, 8.3652, -168.6833]   ===>   [0.0207, 0.0145, -0.1608],  actual: [0.0254, 0.0179, -0.1629] (mse: 0.000038)
[0.0216, -0.0111, 0.1839, 38.1532, -13.2410, -172.5582]   ===>   [0.0106, 0.0466, -0.1597],  actual: [0.0105, 0.0415, -0.1623] (mse: 0.000034)
[0.0080, -0.0443, 0.1976, -43.6649, -4.8316, -160.6897]   ===>   [0.0275, 0.0060, -0.1640],  actual: [0.0290, 0.0124, -0.1658] (mse: 0.000047)
[-0.0037, -0.0406, 0.1947, 52.2258, -2.4275, -170.5213]   ===>   [0.0338, 0.0150, -0.1728],  actual: [0.0412, 0.0161, -0.1665] (mse: 0.000095)
[0.0217, -0.0327, 0.1891, -22.3721, -3.6299, -158.4685]   ===>   [0.0117, 0.0246, -0.1668],  actual: [0.0141, 0.0200, -0.1620] (mse: 0.000050)
[0.0195, -0.0379, 0.1946, 51.3415, -8.3384, -172.1562]   ===>   [0.0164, 0.0195, -0.1643],  actual: [0.0164, 0.0150, -0.1643] (mse: 0.000020)
[-0.0272, -0.0431, 0.1838, -77.1797, 0.0411, -166.5226]   ===>   [0.0640, 0.0072, -0.1729],  actual: [0.0662, 0.0164, -0.1677] (mse: 0.000117)
[-0.0186, -0.0317, 0.1788, -83.8224, 2.7927, -155.6168]   ===>   [0.0525, 0.0248, -0.1694],  actual: [0.0553, 0.0264, -0.1668] (mse: 0.000018)
[0.0052, 0.0131, 0.1713, -45.8919, -8.4409, -165.8925]   ===>   [0.0314, 0.0805, -0.1752],  actual: [0.0238, 0.0729, -0.1634] (mse: 0.000251)
[-0.0090, -0.0283, 0.1739, 10.1128, -7.8864, -161.5421]   ===>   [0.0463, 0.0206, -0.1718],  actual: [0.0459, 0.0254, -0.1669] (mse: 0.000047)
[-0.0006, -0.0130, 0.1785, -16.9106, -6.7517, -160.9213]   ===>   [0.0319, 0.0400, -0.1667],  actual: [0.0340, 0.0419, -0.1658] (mse: 0.000009)
[-0.0305, -0.0449, 0.1917, 50.4356, 0.9358, -168.4750]   ===>   [0.0635, 0.0047, -0.1717],  actual: [0.0693, 0.0146, -0.1677] (mse: 0.000147)
[0.0061, -0.0039, 0.1779, -47.6465, 5.1254, -155.7332]   ===>   [0.0200, 0.0519, -0.1546],  actual: [0.0246, 0.0527, -0.1652] (mse: 0.000134)
[-0.0253, -0.0072, 0.1838, -67.6436, 20.8969, -168.7256]   ===>   [0.0597, 0.0492, -0.1628],  actual: [0.0622, 0.0516, -0.1683] (mse: 0.000042)
[0.0258, -0.0356, 0.1814, -24.2707, 9.7640, -160.0854]   ===>   [0.0047, 0.0143, -0.1626],  actual: [0.0108, 0.0150, -0.1603] (mse: 0.000042)
[0.0217, -0.0406, 0.1917, 19.3615, 11.0539, -160.0976]   ===>   [0.0149, 0.0137, -0.1590],  actual: [0.0163, 0.0121, -0.1614] (mse: 0.000010)
[-0.0311, -0.0423, 0.1789, 3.0163, -12.8223, -148.1089]   ===>   [0.0637, 0.0082, -0.1716],  actual: [0.0700, 0.0147, -0.1671] (mse: 0.000102)
[0.0188, 0.0088, 0.1835, 6.8392, -8.3679, -160.9911]   ===>   [0.0083, 0.0628, -0.1582],  actual: [0.0114, 0.0630, -0.1603] (mse: 0.000014)
[0.0143, 0.0100, 0.1696, -58.7039, -3.1715, -158.8649]   ===>   [0.0144, 0.0696, -0.1634],  actual: [0.0141, 0.0663, -0.1597] (mse: 0.000025)
[-0.0158, -0.0207, 0.1813, -52.7791, 13.8905, -152.8022]   ===>   [0.0495, 0.0297, -0.1662],  actual: [0.0519, 0.0360, -0.1661] (mse: 0.000045)
[-0.0154, -0.0178, 0.1814, -34.0656, 2.0535, -151.9692]   ===>   [0.0462, 0.0332, -0.1678],  actual: [0.0498, 0.0394, -0.1674] (mse: 0.000052)
[-0.0255, -0.0201, 0.1814, -21.3972, 16.9457, -156.3065]   ===>   [0.0612, 0.0341, -0.1627],  actual: [0.0636, 0.0382, -0.1690] (mse: 0.000062)
[0.0260, -0.0384, 0.1917, 79.9994, 4.2382, -168.9824]   ===>   [0.0107, 0.0089, -0.1623],  actual: [0.0119, 0.0138, -0.1609] (mse: 0.000028)
[0.0218, -0.0319, 0.1919, 51.4341, -1.0418, -174.0678]   ===>   [0.0117, 0.0199, -0.1646],  actual: [0.0143, 0.0218, -0.1636] (mse: 0.000011)
[0.0089, -0.0345, 0.1947, -43.8230, 3.7684, -154.4515]   ===>   [0.0278, 0.0208, -0.1572],  actual: [0.0262, 0.0226, -0.1633] (mse: 0.000043)
[0.0253, -0.0303, 0.1919, 37.2304, 8.0559, -161.1386]   ===>   [0.0100, 0.0171, -0.1655],  actual: [0.0108, 0.0221, -0.1618] (mse: 0.000040)
[-0.0041, -0.0088, 0.1719, -66.9836, 13.8681, -158.4277]   ===>   [0.0338, 0.0476, -0.1630],  actual: [0.0382, 0.0467, -0.1655] (mse: 0.000026)
[0.0227, -0.0155, 0.1865, -8.8613, -4.2287, -170.4274]   ===>   [0.0056, 0.0436, -0.1632],  actual: [0.0103, 0.0378, -0.1631] (mse: 0.000056)
[-0.0164, -0.0357, 0.1789, -79.3538, -5.2300, -165.8682]   ===>   [0.0498, 0.0180, -0.1603],  actual: [0.0540, 0.0221, -0.1669] (mse: 0.000078)
[0.0253, -0.0389, 0.1918, 76.8627, 1.1904, -179.2527]   ===>   [0.0094, 0.0131, -0.1648],  actual: [0.0122, 0.0147, -0.1609] (mse: 0.000026)
[0.0254, -0.0282, 0.1892, 56.8124, -2.1449, -168.1234]   ===>   [0.0070, 0.0245, -0.1649],  actual: [0.0107, 0.0239, -0.1624] (mse: 0.000020)
[0.0208, -0.0254, 0.1919, -82.3289, 2.3588, -163.5983]   ===>   [0.0153, 0.0266, -0.1613],  actual: [0.0136, 0.0296, -0.1627] (mse: 0.000014)
[0.0184, -0.0398, 0.1919, 51.4728, -2.1101, -160.0536]   ===>   [0.0178, 0.0136, -0.1632],  actual: [0.0202, 0.0128, -0.1621] (mse: 0.000008)
[-0.0006, 0.0099, 0.1741, -74.3376, -9.2609, -155.3205]   ===>   [0.0316, 0.0745, -0.1635],  actual: [0.0296, 0.0699, -0.1639] (mse: 0.000025)
[-0.0134, -0.0413, 0.1919, -63.7053, 16.0658, -151.1865]   ===>   [0.0495, 0.0155, -0.1721],  actual: [0.0503, 0.0176, -0.1672] (mse: 0.000029)
[-0.0164, -0.0304, 0.1742, 4.4576, 10.4137, -160.3454]   ===>   [0.0528, 0.0173, -0.1709],  actual: [0.0571, 0.0253, -0.1669] (mse: 0.000098)
[0.0142, -0.0286, 0.1919, -32.7484, -5.6011, -166.0520]   ===>   [0.0185, 0.0237, -0.1621],  actual: [0.0206, 0.0264, -0.1648] (mse: 0.000018)
[-0.0019, -0.0410, 0.1919, 86.3057, -5.4140, -168.9712]   ===>   [0.0409, 0.0136, -0.1671],  actual: [0.0416, 0.0140, -0.1671] (mse: 0.000001)
[-0.0244, -0.0420, 0.1839, 73.2668, 8.3045, 173.5392]   ===>   [0.0646, 0.0142, -0.1681],  actual: [0.0616, 0.0174, -0.1666] (mse: 0.000022)
[-0.0037, -0.0253, 0.1839, -23.3471, 2.1669, -160.9781]   ===>   [0.0360, 0.0285, -0.1649],  actual: [0.0401, 0.0300, -0.1658] (mse: 0.000020)
[-0.0010, -0.0236, 0.1789, 4.0470, 6.9074, -158.7655]   ===>   [0.0366, 0.0293, -0.1636],  actual: [0.0369, 0.0307, -0.1659] (mse: 0.000007)
[0.0106, -0.0231, 0.1789, -1.6801, 12.1424, -154.0825]   ===>   [0.0205, 0.0235, -0.1635],  actual: [0.0241, 0.0293, -0.1647] (mse: 0.000048)
[-0.0325, -0.0161, 0.1838, -52.1907, 11.7485, -156.9170]   ===>   [0.0700, 0.0397, -0.1686],  actual: [0.0684, 0.0436, -0.1690] (mse: 0.000018)
[0.0213, -0.0363, 0.1947, -76.9703, 15.8487, -165.7064]   ===>   [0.0158, 0.0148, -0.1700],  actual: [0.0157, 0.0185, -0.1639] (mse: 0.000051)
[0.0191, 0.0126, 0.1814, -5.9164, -0.4660, -167.1023]   ===>   [0.0096, 0.0677, -0.1625],  actual: [0.0106, 0.0679, -0.1594] (mse: 0.000011)
[0.0167, -0.0262, 0.1838, 55.6832, 9.8753, -174.8128]   ===>   [0.0123, 0.0143, -0.1643],  actual: [0.0173, 0.0273, -0.1618] (mse: 0.000201)
[0.0022, -0.0043, 0.1812, -15.0937, 19.4803, -154.1509]   ===>   [0.0302, 0.0492, -0.1679],  actual: [0.0315, 0.0507, -0.1650] (mse: 0.000013)
[-0.0019, -0.0402, 0.1919, -46.7923, 10.6454, -163.2580]   ===>   [0.0365, 0.0140, -0.1699],  actual: [0.0402, 0.0165, -0.1655] (mse: 0.000039)
[-0.0206, -0.0014, 0.1862, -85.4804, 21.9022, -165.9823]   ===>   [0.0488, 0.0534, -0.1611],  actual: [0.0545, 0.0567, -0.1677] (mse: 0.000087)
[0.0176, -0.0164, 0.1843, -29.6494, -6.3109, -170.6510]   ===>   [0.0122, 0.0367, -0.1579],  actual: [0.0149, 0.0392, -0.1640] (mse: 0.000050)
[-0.0313, -0.0416, 0.1839, 42.9403, -5.5335, -165.3553]   ===>   [0.0728, 0.0138, -0.1621],  actual: [0.0695, 0.0164, -0.1670] (mse: 0.000042)
[0.0203, 0.0123, 0.1810, 0.4389, -4.2274, -157.2410]   ===>   [0.0083, 0.0625, -0.1645],  actual: [0.0090, 0.0666, -0.1590] (mse: 0.000048)
[0.0098, -0.0182, 0.1942, 15.1892, -3.0043, -170.6855]   ===>   [0.0240, 0.0378, -0.1641],  actual: [0.0242, 0.0379, -0.1646] (mse: 0.000000)
[0.0205, -0.0287, 0.1919, -50.9563, 12.4595, -163.7510]   ===>   [0.0145, 0.0222, -0.1606],  actual: [0.0149, 0.0261, -0.1629] (mse: 0.000020)
[-0.0017, -0.0411, 0.1947, -27.1890, 18.9302, -150.1537]   ===>   [0.0438, 0.0121, -0.1758],  actual: [0.0395, 0.0155, -0.1663] (mse: 0.000120)
[0.0144, -0.0347, 0.1919, -18.7796, -9.1732, -171.1575]   ===>   [0.0191, 0.0158, -0.1643],  actual: [0.0216, 0.0206, -0.1632] (mse: 0.000030)
[-0.0312, 0.0084, 0.1889, 86.1122, 19.7628, -169.2802]   ===>   [0.0597, 0.0607, -0.1629],  actual: [0.0638, 0.0723, -0.1669] (mse: 0.000166)
[0.0064, -0.0147, 0.1892, 36.1238, 1.4574, -157.9276]   ===>   [0.0280, 0.0401, -0.1624],  actual: [0.0269, 0.0393, -0.1649] (mse: 0.000008)
[-0.0220, -0.0453, 0.1892, -50.2844, 7.9738, -167.2964]   ===>   [0.0612, 0.0102, -0.1680],  actual: [0.0619, 0.0140, -0.1674] (mse: 0.000015)
[0.0119, -0.0417, 0.1947, 8.6953, 6.4667, -159.7747]   ===>   [0.0296, 0.0075, -0.1629],  actual: [0.0254, 0.0131, -0.1639] (mse: 0.000050)
[-0.0300, -0.0426, 0.1814, -33.9383, -5.7464, -163.3701]   ===>   [0.0671, 0.0104, -0.1745],  actual: [0.0693, 0.0166, -0.1673] (mse: 0.000095)
[-0.0021, -0.0308, 0.1865, 48.4992, 5.1049, -166.5968]   ===>   [0.0348, 0.0247, -0.1625],  actual: [0.0380, 0.0242, -0.1654] (mse: 0.000019)
