[0.0015, -0.0408, 0.1892, -45.4758, 3.1463, -168.3629]   ===>   [0.0389, 0.0151, -0.1616],  actual: [0.0366, 0.0152, -0.1667] (mse: 0.000032)
[-0.0258, -0.0360, 0.1863, -49.7651, 8.3253, -157.5101]   ===>   [0.0623, 0.0244, -0.1621],  actual: [0.0626, 0.0237, -0.1695] (mse: 0.000055)
[0.0216, -0.0210, 0.1919, 11.4751, -5.0583, -166.5591]   ===>   [0.0147, 0.0318, -0.1642],  actual: [0.0127, 0.0325, -0.1624] (mse: 0.000008)
[0.0122, -0.0098, 0.1864, 75.6224, -3.5062, -175.1442]   ===>   [0.0252, 0.0438, -0.1648],  actual: [0.0204, 0.0431, -0.1644] (mse: 0.000023)
[0.0019, -0.0140, 0.1838, -39.9011, 10.3294, -158.8758]   ===>   [0.0306, 0.0367, -0.1507],  actual: [0.0325, 0.0406, -0.1651] (mse: 0.000226)
[-0.0108, -0.0399, 0.1865, -48.0858, 5.9113, -160.5043]   ===>   [0.0513, 0.0129, -0.1633],  actual: [0.0486, 0.0173, -0.1670] (mse: 0.000040)
[-0.0023, -0.0040, 0.1781, 18.2821, -14.6496, -164.6084]   ===>   [0.0338, 0.0505, -0.1642],  actual: [0.0347, 0.0523, -0.1642] (mse: 0.000004)
[0.0224, -0.0409, 0.1839, -14.4177, 10.1016, -165.6472]   ===>   [0.0171, 0.0071, -0.1619],  actual: [0.0150, 0.0111, -0.1612] (mse: 0.000021)
[-0.0228, -0.0355, 0.1838, -32.1781, 17.1572, -148.1272]   ===>   [0.0555, 0.0176, -0.1701],  actual: [0.0611, 0.0225, -0.1671] (mse: 0.000065)
[-0.0022, -0.0233, 0.1838, 75.0704, -4.4718, -167.1180]   ===>   [0.0377, 0.0332, -0.1737],  actual: [0.0390, 0.0304, -0.1659] (mse: 0.000070)
[0.0220, -0.0146, 0.1785, -86.7395, 5.3282, -174.6158]   ===>   [0.0161, 0.0585, -0.1676],  actual: [0.0107, 0.0384, -0.1629] (mse: 0.000455)
[-0.0002, 0.0015, 0.1946, -72.8573, 24.7642, -164.4930]   ===>   [0.0409, 0.0479, -0.1728],  actual: [0.0334, 0.0577, -0.1654] (mse: 0.000206)
[-0.0235, -0.0300, 0.1788, 48.3243, -2.9010, 179.1154]   ===>   [0.1082, 0.0210, -0.1672],  actual: [0.0595, 0.0282, -0.1690] (mse: 0.002429)
[0.0120, -0.0296, 0.1814, -74.2999, 4.6861, -177.1605]   ===>   [0.0274, 0.0465, -0.1719],  actual: [0.0245, 0.0240, -0.1634] (mse: 0.000588)
[-0.0146, -0.0080, 0.1742, -61.2660, 16.1998, -160.6074]   ===>   [0.0484, 0.0453, -0.1662],  actual: [0.0503, 0.0487, -0.1674] (mse: 0.000016)
[0.0148, -0.0251, 0.1892, -87.9447, 17.1640, -162.4512]   ===>   [0.0140, 0.0337, -0.1711],  actual: [0.0204, 0.0301, -0.1632] (mse: 0.000117)
[-0.0001, -0.0233, 0.1838, -10.2267, 9.5234, -166.5062]   ===>   [0.0328, 0.0295, -0.1645],  actual: [0.0371, 0.0319, -0.1656] (mse: 0.000025)
[-0.0303, -0.0410, 0.1864, -66.2747, 18.5238, -153.8826]   ===>   [0.0722, 0.0211, -0.1766],  actual: [0.0682, 0.0192, -0.1699] (mse: 0.000065)
[0.0115, -0.0417, 0.1919, 77.5094, 0.3919, -178.9219]   ===>   [0.0324, 0.0172, -0.1695],  actual: [0.0260, 0.0129, -0.1644] (mse: 0.000086)
[0.0247, -0.0243, 0.1919, -84.8346, -1.5979, -172.0848]   ===>   [0.0109, 0.0279, -0.1696],  actual: [0.0101, 0.0308, -0.1620] (mse: 0.000067)
[-0.0105, -0.0430, 0.1865, -41.5338, 8.0010, -167.5687]   ===>   [0.0526, 0.0078, -0.1689],  actual: [0.0497, 0.0142, -0.1672] (mse: 0.000051)
[-0.0048, -0.0181, 0.1839, -80.8123, 21.9661, -173.4450]   ===>   [0.0471, 0.0409, -0.1685],  actual: [0.0414, 0.0370, -0.1670] (mse: 0.000049)
[0.0085, -0.0219, 0.1919, -74.2240, 13.9187, -156.3936]   ===>   [0.0224, 0.0285, -0.1633],  actual: [0.0256, 0.0335, -0.1649] (mse: 0.000038)
[0.0030, -0.0419, 0.1947, -36.6549, -0.6834, -165.7653]   ===>   [0.0342, 0.0222, -0.1600],  actual: [0.0345, 0.0151, -0.1647] (mse: 0.000071)
[0.0255, -0.0412, 0.1973, 48.1916, 5.7064, -163.5004]   ===>   [0.0109, 0.0083, -0.1641],  actual: [0.0134, 0.0125, -0.1606] (mse: 0.000038)
[0.0008, -0.0154, 0.1891, 26.3935, 0.3798, -158.7598]   ===>   [0.0276, 0.0389, -0.1511],  actual: [0.0320, 0.0400, -0.1651] (mse: 0.000218)
[-0.0054, -0.0418, 0.1919, -60.2818, -7.4013, -172.2816]   ===>   [0.0412, 0.0174, -0.1747],  actual: [0.0422, 0.0166, -0.1669] (mse: 0.000062)
[-0.0309, -0.0392, 0.1839, 12.3931, -0.8150, -161.6099]   ===>   [0.0677, 0.0198, -0.1680],  actual: [0.0688, 0.0196, -0.1702] (mse: 0.000006)
[-0.0130, -0.0183, 0.1698, -45.9285, 12.6500, -154.3304]   ===>   [0.0458, 0.0393, -0.1688],  actual: [0.0499, 0.0383, -0.1660] (mse: 0.000026)
[-0.0079, -0.0423, 0.1919, -18.3778, -14.6802, -174.3090]   ===>   [0.0379, 0.0248, -0.1712],  actual: [0.0446, 0.0160, -0.1670] (mse: 0.000140)
[0.0073, -0.0113, 0.1865, -67.4272, -3.2829, -157.9852]   ===>   [0.0185, 0.0498, -0.1564],  actual: [0.0244, 0.0453, -0.1640] (mse: 0.000113)
[0.0190, -0.0398, 0.1892, 41.3480, -5.3686, -161.3761]   ===>   [0.0216, 0.0147, -0.1625],  actual: [0.0188, 0.0122, -0.1626] (mse: 0.000014)
[0.0075, 0.0158, 0.1833, 10.7651, -7.2854, -154.8196]   ===>   [0.0180, 0.0761, -0.1697],  actual: [0.0208, 0.0717, -0.1625] (mse: 0.000078)
[0.0176, 0.0107, 0.1730, -31.4485, -5.2301, -165.9320]   ===>   [0.0107, 0.0535, -0.1548],  actual: [0.0113, 0.0672, -0.1595] (mse: 0.000209)
[0.0176, 0.0083, 0.1891, -64.1096, -4.3459, -155.8815]   ===>   [-0.0001, 0.0684, -0.1583],  actual: [0.0116, 0.0639, -0.1593] (mse: 0.000158)
[0.0095, -0.0147, 0.1909, 75.3187, 2.3207, -179.0399]   ===>   [0.0183, 0.0326, -0.1688],  actual: [0.0237, 0.0404, -0.1648] (mse: 0.000107)
[-0.0129, 0.0097, 0.1865, -33.9870, -14.0672, -170.5968]   ===>   [0.0403, 0.0672, -0.1742],  actual: [0.0430, 0.0707, -0.1665] (mse: 0.000079)
[0.0090, 0.0102, 0.1789, 15.1535, -9.1969, -162.3881]   ===>   [0.0228, 0.0598, -0.1673],  actual: [0.0198, 0.0660, -0.1638] (mse: 0.000060)
[0.0240, -0.0188, 0.1947, 28.6181, 0.9704, -156.3535]   ===>   [0.0090, 0.0340, -0.1768],  actual: [0.0113, 0.0334, -0.1624] (mse: 0.000211)
[-0.0160, 0.0109, 0.1812, 5.9414, -7.8143, -155.7159]   ===>   [0.0426, 0.0643, -0.1661],  actual: [0.0452, 0.0704, -0.1668] (mse: 0.000045)
[0.0105, 0.0065, 0.1814, -16.5476, -6.7179, -171.5526]   ===>   [0.0149, 0.0620, -0.1589],  actual: [0.0201, 0.0635, -0.1617] (mse: 0.000037)
[-0.0142, -0.0352, 0.1864, -51.4070, 16.3349, -153.6331]   ===>   [0.0447, 0.0216, -0.1625],  actual: [0.0516, 0.0228, -0.1669] (mse: 0.000068)
[0.0250, -0.0375, 0.1839, -57.8236, 10.8493, -160.3550]   ===>   [0.0127, 0.0086, -0.1565],  actual: [0.0106, 0.0155, -0.1607] (mse: 0.000069)
[-0.0112, -0.0152, 0.1789, -87.6290, 15.3012, -172.7423]   ===>   [0.0484, 0.0459, -0.1676],  actual: [0.0475, 0.0410, -0.1662] (mse: 0.000027)
[-0.0141, -0.0244, 0.1718, -72.0362, -2.6288, -160.9082]   ===>   [0.0408, 0.0284, -0.1664],  actual: [0.0507, 0.0319, -0.1674] (mse: 0.000112)
[0.0073, -0.0410, 0.1919, 8.9502, 10.4002, -162.8972]   ===>   [0.0321, 0.0167, -0.1606],  actual: [0.0306, 0.0139, -0.1653] (mse: 0.000032)
[-0.0234, -0.0435, 0.1892, -26.6296, -7.0226, -154.7080]   ===>   [0.0617, 0.0152, -0.1771],  actual: [0.0602, 0.0159, -0.1670] (mse: 0.000105)
[0.0263, -0.0352, 0.1890, 53.3550, -6.7323, -168.2520]   ===>   [0.0103, 0.0165, -0.1611],  actual: [0.0107, 0.0163, -0.1614] (mse: 0.000000)
[-0.0001, 0.0080, 0.1889, -85.3203, 22.5182, -172.3768]   ===>   [0.0306, 0.0637, -0.1772],  actual: [0.0326, 0.0634, -0.1659] (mse: 0.000133)
[0.0118, -0.0084, 0.1919, 89.7667, -10.4165, -179.1141]   ===>   [0.0138, 0.0444, -0.1782],  actual: [0.0214, 0.0437, -0.1644] (mse: 0.000250)
[-0.0157, -0.0396, 0.1865, -22.7959, -2.0443, -167.1976]   ===>   [0.0510, 0.0153, -0.1753],  actual: [0.0528, 0.0181, -0.1683] (mse: 0.000059)
[0.0038, -0.0242, 0.1839, 7.7728, 6.8110, -158.0969]   ===>   [0.0279, 0.0309, -0.1557],  actual: [0.0327, 0.0296, -0.1656] (mse: 0.000122)
[-0.0047, -0.0263, 0.1892, -66.8091, 0.3346, -157.5695]   ===>   [0.0356, 0.0258, -0.1567],  actual: [0.0386, 0.0309, -0.1668] (mse: 0.000136)
[0.0136, 0.0114, 0.1675, -83.2289, 2.9750, -158.9127]   ===>   [0.0107, 0.0747, -0.1637],  actual: [0.0141, 0.0696, -0.1603] (mse: 0.000050)
[0.0036, -0.0147, 0.1765, -9.5113, 17.9850, -155.2114]   ===>   [0.0279, 0.0372, -0.1572],  actual: [0.0330, 0.0388, -0.1658] (mse: 0.000101)
[0.0057, -0.0398, 0.1892, 15.9373, 5.4356, -163.8593]   ===>   [0.0316, 0.0243, -0.1573],  actual: [0.0320, 0.0147, -0.1641] (mse: 0.000138)
[-0.0299, -0.0443, 0.1839, -62.5660, 8.1719, -163.2296]   ===>   [0.0696, 0.0148, -0.1710],  actual: [0.0703, 0.0151, -0.1674] (mse: 0.000013)
[0.0098, -0.0406, 0.1919, 83.7235, -0.5109, -166.1592]   ===>   [0.0369, 0.0174, -0.1712],  actual: [0.0296, 0.0132, -0.1643] (mse: 0.000118)
[-0.0285, -0.0435, 0.1864, -76.8909, 0.6057, -167.5386]   ===>   [0.0708, 0.0246, -0.1815],  actual: [0.0681, 0.0164, -0.1675] (mse: 0.000269)
[0.0190, -0.0285, 0.1919, 47.7501, 0.8443, -159.8001]   ===>   [0.0173, 0.0256, -0.1641],  actual: [0.0170, 0.0239, -0.1624] (mse: 0.000006)
[0.0242, -0.0399, 0.1919, -49.9634, 17.6885, -157.2539]   ===>   [0.0117, 0.0214, -0.1658],  actual: [0.0133, 0.0142, -0.1605] (mse: 0.000082)
[-0.0133, -0.0329, 0.1814, -67.5720, 7.4914, -164.4783]   ===>   [0.0535, 0.0247, -0.1644],  actual: [0.0513, 0.0236, -0.1669] (mse: 0.000013)
[0.0139, -0.0310, 0.1892, -47.7222, -7.0108, -168.4636]   ===>   [0.0126, 0.0188, -0.1576],  actual: [0.0210, 0.0239, -0.1647] (mse: 0.000146)
[-0.0128, -0.0228, 0.1839, -60.2629, 5.0915, -154.0643]   ===>   [0.0452, 0.0312, -0.1565],  actual: [0.0476, 0.0342, -0.1668] (mse: 0.000122)
[-0.0068, -0.0407, 0.1865, -73.5210, 4.8187, -166.8909]   ===>   [0.0453, 0.0217, -0.1638],  actual: [0.0447, 0.0162, -0.1664] (mse: 0.000038)
[0.0197, -0.0328, 0.1919, 39.0156, 9.4571, -159.2503]   ===>   [0.0148, 0.0151, -0.1599],  actual: [0.0165, 0.0197, -0.1644] (mse: 0.000044)
[-0.0136, -0.0187, 0.1765, 72.6341, -8.0317, 179.9368]   ===>   [0.0976, 0.0188, -0.1669],  actual: [0.0491, 0.0362, -0.1677] (mse: 0.002659)
[-0.0093, -0.0231, 0.1765, -64.9585, 15.3323, -170.5095]   ===>   [0.0483, 0.0315, -0.1648],  actual: [0.0478, 0.0322, -0.1664] (mse: 0.000003)
[-0.0157, -0.0391, 0.1892, 51.9426, -2.5527, -170.7989]   ===>   [0.0505, 0.0181, -0.1696],  actual: [0.0527, 0.0180, -0.1684] (mse: 0.000006)
[-0.0018, -0.0232, 0.1813, -49.5008, 0.6085, -162.2234]   ===>   [0.0307, 0.0359, -0.1528],  actual: [0.0368, 0.0324, -0.1662] (mse: 0.000227)
[0.0053, -0.0241, 0.1865, -10.7915, -12.2512, -166.4772]   ===>   [0.0312, 0.0377, -0.1645],  actual: [0.0276, 0.0320, -0.1649] (mse: 0.000045)
[0.0184, -0.0398, 0.1919, 51.4728, -2.1101, -160.0536]   ===>   [0.0165, 0.0154, -0.1610],  actual: [0.0202, 0.0128, -0.1621] (mse: 0.000022)
[-0.0196, 0.0055, 0.1865, 20.3822, 4.0238, -146.6217]   ===>   [0.0459, 0.0638, -0.1518],  actual: [0.0530, 0.0625, -0.1663] (mse: 0.000263)
[-0.0276, -0.0408, 0.1814, 0.2040, -10.2864, -158.6328]   ===>   [0.0649, 0.0168, -0.1672],  actual: [0.0669, 0.0166, -0.1673] (mse: 0.000004)
[0.0197, -0.0397, 0.1947, 22.5544, 0.8502, -158.3129]   ===>   [0.0159, 0.0119, -0.1593],  actual: [0.0169, 0.0132, -0.1644] (mse: 0.000029)
[0.0213, 0.0098, 0.1814, 19.2320, -4.8021, -173.9748]   ===>   [0.0019, 0.0611, -0.1611],  actual: [0.0082, 0.0655, -0.1591] (mse: 0.000064)
[-0.0285, -0.0420, 0.1838, 85.1410, 0.5459, 179.7227]   ===>   [0.0910, 0.0272, -0.1702],  actual: [0.0677, 0.0158, -0.1677] (mse: 0.000680)
[0.0229, -0.0248, 0.1892, -74.6097, -8.4510, -156.8631]   ===>   [0.0123, 0.0263, -0.1703],  actual: [0.0102, 0.0308, -0.1621] (mse: 0.000091)
[-0.0049, -0.0181, 0.1836, 17.6506, -7.1500, -169.9161]   ===>   [0.0371, 0.0350, -0.1641],  actual: [0.0391, 0.0384, -0.1662] (mse: 0.000020)
[0.0044, -0.0195, 0.1764, -47.1108, -5.1273, -168.9649]   ===>   [0.0267, 0.0362, -0.1730],  actual: [0.0298, 0.0350, -0.1650] (mse: 0.000074)
[-0.0001, -0.0413, 0.1947, -60.4173, -7.2257, -173.6395]   ===>   [0.0343, 0.0175, -0.1776],  actual: [0.0363, 0.0170, -0.1668] (mse: 0.000121)
[0.0129, -0.0450, 0.2006, 64.9082, -7.3627, -179.1734]   ===>   [0.0226, 0.0079, -0.1776],  actual: [0.0253, 0.0113, -0.1648] (mse: 0.000182)
[-0.0130, -0.0179, 0.1720, -58.6833, 14.6643, -155.3692]   ===>   [0.0494, 0.0402, -0.1657],  actual: [0.0496, 0.0385, -0.1662] (mse: 0.000003)
[-0.0078, -0.0288, 0.1865, -9.2966, 3.2582, -153.4126]   ===>   [0.0360, 0.0302, -0.1540],  actual: [0.0433, 0.0273, -0.1662] (mse: 0.000210)
[-0.0184, -0.0242, 0.1789, -23.3608, -3.7270, -161.0548]   ===>   [0.0558, 0.0277, -0.1701],  actual: [0.0547, 0.0329, -0.1686] (mse: 0.000030)
[0.0155, -0.0417, 0.1947, -27.6309, 16.7567, -164.5516]   ===>   [0.0191, 0.0104, -0.1732],  actual: [0.0235, 0.0137, -0.1624] (mse: 0.000145)
[0.0211, -0.0379, 0.1919, 56.0469, -0.3337, -172.2649]   ===>   [0.0133, 0.0145, -0.1639],  actual: [0.0166, 0.0160, -0.1617] (mse: 0.000018)
[-0.0303, -0.0328, 0.1789, -37.9855, -9.6596, -164.7517]   ===>   [0.0667, 0.0233, -0.1724],  actual: [0.0687, 0.0267, -0.1675] (mse: 0.000040)
[-0.0314, -0.0076, 0.1763, -8.2420, 6.7198, -148.5543]   ===>   [0.0608, 0.0351, -0.1677],  actual: [0.0671, 0.0521, -0.1690] (mse: 0.000330)
[-0.0006, 0.0099, 0.1741, -74.3376, -9.2609, -155.3205]   ===>   [0.0284, 0.0855, -0.1683],  actual: [0.0296, 0.0699, -0.1639] (mse: 0.000266)
[0.0185, -0.0197, 0.1812, 6.2377, 3.5092, -160.3006]   ===>   [0.0181, 0.0275, -0.1586],  actual: [0.0164, 0.0316, -0.1638] (mse: 0.000048)
[0.0211, -0.0389, 0.1864, 69.3532, -0.9547, -172.9877]   ===>   [0.0083, 0.0123, -0.1602],  actual: [0.0159, 0.0125, -0.1609] (mse: 0.000059)
[0.0200, -0.0346, 0.1947, -74.6726, 21.0524, -151.4071]   ===>   [0.0172, 0.0233, -0.1654],  actual: [0.0155, 0.0204, -0.1644] (mse: 0.000013)
[-0.0056, -0.0190, 0.1698, -51.9374, 12.6150, -164.9692]   ===>   [0.0381, 0.0336, -0.1726],  actual: [0.0422, 0.0357, -0.1667] (mse: 0.000056)
[-0.0210, -0.0323, 0.1813, 10.4215, -1.4847, -163.7317]   ===>   [0.0575, 0.0263, -0.1626],  actual: [0.0585, 0.0251, -0.1691] (mse: 0.000044)
[-0.0261, 0.0112, 0.1835, -87.3644, 24.1346, -171.4248]   ===>   [0.0636, 0.0688, -0.1618],  actual: [0.0593, 0.0704, -0.1664] (mse: 0.000042)
[0.0094, -0.0233, 0.1892, -26.8225, 12.7492, -150.6199]   ===>   [0.0274, 0.0261, -0.1525],  actual: [0.0249, 0.0311, -0.1649] (mse: 0.000185)
[0.0244, -0.0356, 0.1917, -60.9334, -9.9969, -173.5622]   ===>   [0.0061, 0.0176, -0.1635],  actual: [0.0116, 0.0195, -0.1616] (mse: 0.000038)
[0.0072, -0.0250, 0.1865, 53.6859, -6.0249, -179.6099]   ===>   [0.0305, 0.0312, -0.1700],  actual: [0.0275, 0.0300, -0.1647] (mse: 0.000040)
[0.0250, -0.0293, 0.1838, -20.0228, 10.0271, -162.1494]   ===>   [0.0041, 0.0183, -0.1536],  actual: [0.0103, 0.0224, -0.1612] (mse: 0.000114)
[0.0120, -0.0431, 0.1947, 15.9808, -5.6426, -166.4013]   ===>   [0.0276, 0.0098, -0.1638],  actual: [0.0240, 0.0123, -0.1641] (mse: 0.000019)
[0.0198, -0.0449, 0.2031, 32.5157, 7.1934, -167.9275]   ===>   [0.0120, 0.0148, -0.1661],  actual: [0.0182, 0.0116, -0.1621] (mse: 0.000065)
[-0.0189, -0.0268, 0.1765, -46.0494, 12.4042, -153.2241]   ===>   [0.0621, 0.0333, -0.1630],  actual: [0.0565, 0.0306, -0.1664] (mse: 0.000050)
[0.0161, -0.0140, 0.2036, 65.4810, 6.4538, -176.1482]   ===>   [0.0233, 0.0278, -0.1668],  actual: [0.0167, 0.0411, -0.1640] (mse: 0.000228)
[-0.0237, -0.0428, 0.1865, -6.6524, 17.1628, -157.4960]   ===>   [0.0722, 0.0093, -0.1845],  actual: [0.0636, 0.0164, -0.1669] (mse: 0.000433)
[0.0187, -0.0331, 0.1892, -66.9051, 2.5823, -171.6700]   ===>   [0.0153, 0.0199, -0.1546],  actual: [0.0167, 0.0217, -0.1646] (mse: 0.000107)
[-0.0244, -0.0420, 0.1839, 73.2668, 8.3045, 173.5392]   ===>   [0.0696, 0.0332, -0.1745],  actual: [0.0616, 0.0174, -0.1666] (mse: 0.000377)
[0.0124, -0.0218, 0.1892, -13.9138, -1.8730, -158.7766]   ===>   [0.0227, 0.0313, -0.1624],  actual: [0.0220, 0.0321, -0.1641] (mse: 0.000004)
[0.0229, -0.0390, 0.1919, 23.7300, 11.0543, -157.0583]   ===>   [0.0119, 0.0042, -0.1600],  actual: [0.0148, 0.0136, -0.1607] (mse: 0.000096)
[0.0179, -0.0429, 0.1891, -76.3566, -5.6086, -173.3695]   ===>   [0.0212, 0.0100, -0.1599],  actual: [0.0195, 0.0124, -0.1624] (mse: 0.000015)
[0.0068, -0.0442, 0.1976, -25.7133, 0.3511, -166.8423]   ===>   [0.0254, 0.0182, -0.1629],  actual: [0.0312, 0.0123, -0.1660] (mse: 0.000078)
[-0.0010, 0.0140, 0.1808, -7.6465, -16.6050, -165.1877]   ===>   [0.0323, 0.0731, -0.1686],  actual: [0.0289, 0.0734, -0.1643] (mse: 0.000030)
[-0.0282, -0.0426, 0.1839, -10.6910, -6.9956, -168.8309]   ===>   [0.0671, 0.0192, -0.1754],  actual: [0.0670, 0.0169, -0.1673] (mse: 0.000071)
[0.0083, -0.0063, 0.1838, -86.7797, 20.8226, -172.0221]   ===>   [0.0367, 0.0475, -0.1740],  actual: [0.0255, 0.0474, -0.1641] (mse: 0.000221)
[0.0230, -0.0355, 0.1917, -59.4363, -0.9276, -170.1433]   ===>   [0.0109, 0.0215, -0.1577],  actual: [0.0136, 0.0190, -0.1615] (mse: 0.000028)
[-0.0325, -0.0161, 0.1838, -52.1907, 11.7485, -156.9170]   ===>   [0.0736, 0.0380, -0.1748],  actual: [0.0684, 0.0436, -0.1690] (mse: 0.000092)
[0.0207, -0.0087, 0.1843, -10.5998, 0.4397, -164.6692]   ===>   [0.0113, 0.0452, -0.1589],  actual: [0.0107, 0.0460, -0.1617] (mse: 0.000009)
[0.0152, -0.0396, 0.1919, -46.7662, 8.8135, -161.1118]   ===>   [0.0217, 0.0135, -0.1607],  actual: [0.0220, 0.0158, -0.1622] (mse: 0.000007)
[0.0154, -0.0293, 0.1864, -42.0904, -1.7080, -173.0002]   ===>   [0.0126, 0.0234, -0.1528],  actual: [0.0201, 0.0245, -0.1648] (mse: 0.000202)
[-0.0315, -0.0230, 0.1864, -46.6065, 21.2161, -153.5485]   ===>   [0.0678, 0.0396, -0.1789],  actual: [0.0687, 0.0368, -0.1688] (mse: 0.000110)
[-0.0187, -0.0378, 0.1789, -47.8944, 6.9159, -162.1912]   ===>   [0.0554, 0.0155, -0.1618],  actual: [0.0580, 0.0189, -0.1685] (mse: 0.000064)
[-0.0255, -0.0192, 0.1890, -68.4916, 12.3381, -161.5555]   ===>   [0.0609, 0.0374, -0.1622],  actual: [0.0612, 0.0398, -0.1687] (mse: 0.000048)
[-0.0132, -0.0139, 0.1764, 41.7227, -5.7900, -177.0809]   ===>   [0.0498, 0.0409, -0.1667],  actual: [0.0472, 0.0430, -0.1675] (mse: 0.000012)
[0.0229, 0.0163, 0.1863, 78.7664, -9.9400, -177.1501]   ===>   [0.0143, 0.0636, -0.1779],  actual: [0.0063, 0.0681, -0.1581] (mse: 0.000474)
[0.0186, -0.0393, 0.1919, -70.1744, 20.7256, -163.5899]   ===>   [0.0233, 0.0210, -0.1669],  actual: [0.0197, 0.0149, -0.1620] (mse: 0.000074)
[-0.0039, -0.0189, 0.1839, 85.8110, -5.3120, -160.3872]   ===>   [0.0337, 0.0404, -0.1795],  actual: [0.0410, 0.0347, -0.1670] (mse: 0.000241)
[-0.0109, -0.0416, 0.1865, 72.7293, -8.0589, -176.0726]   ===>   [0.0484, 0.0128, -0.1795],  actual: [0.0494, 0.0136, -0.1675] (mse: 0.000145)
[0.0215, -0.0332, 0.1891, -15.4002, 5.7367, -156.9663]   ===>   [0.0149, 0.0185, -0.1656],  actual: [0.0147, 0.0195, -0.1615] (mse: 0.000018)
[0.0113, -0.0423, 0.1947, -47.1878, 9.3490, -166.7391]   ===>   [0.0226, 0.0144, -0.1668],  actual: [0.0270, 0.0143, -0.1630] (mse: 0.000033)
[-0.0151, -0.0019, 0.1764, 17.9687, -7.8591, -159.4841]   ===>   [0.0445, 0.0569, -0.1676],  actual: [0.0469, 0.0563, -0.1663] (mse: 0.000008)
[-0.0043, -0.0070, 0.1789, 18.1974, -8.4549, -164.0698]   ===>   [0.0357, 0.0470, -0.1616],  actual: [0.0368, 0.0494, -0.1655] (mse: 0.000022)
[0.0213, 0.0118, 0.1716, -43.1987, -3.7611, -167.3973]   ===>   [0.0048, 0.0598, -0.1581],  actual: [0.0067, 0.0683, -0.1583] (mse: 0.000075)
[0.0160, -0.0371, 0.1947, -51.4945, -7.9057, -168.3422]   ===>   [0.0168, 0.0159, -0.1623],  actual: [0.0202, 0.0195, -0.1628] (mse: 0.000024)
[0.0166, -0.0422, 0.1947, 18.8393, -8.1406, -172.1119]   ===>   [0.0200, 0.0107, -0.1666],  actual: [0.0209, 0.0128, -0.1631] (mse: 0.000018)
[-0.0174, -0.0405, 0.1892, -2.7020, 4.7351, -158.9645]   ===>   [0.0513, 0.0257, -0.1613],  actual: [0.0558, 0.0175, -0.1685] (mse: 0.000139)
[-0.0019, -0.0410, 0.1919, 86.3057, -5.4140, -168.9712]   ===>   [0.0427, 0.0080, -0.1849],  actual: [0.0416, 0.0140, -0.1671] (mse: 0.000356)
[-0.0094, -0.0016, 0.1889, -85.4328, 17.7099, -178.5638]   ===>   [0.0473, 0.0650, -0.1596],  actual: [0.0445, 0.0553, -0.1660] (mse: 0.000143)
[-0.0084, -0.0188, 0.1788, 47.8535, -1.8582, -174.8223]   ===>   [0.0471, 0.0358, -0.1623],  actual: [0.0422, 0.0369, -0.1670] (mse: 0.000047)
[0.0103, -0.0290, 0.1839, -74.2029, 4.8545, -177.2918]   ===>   [0.0295, 0.0377, -0.1684],  actual: [0.0260, 0.0253, -0.1637] (mse: 0.000187)
[-0.0231, -0.0335, 0.1890, 52.5683, 2.2167, -163.5320]   ===>   [0.0633, 0.0177, -0.1677],  actual: [0.0606, 0.0235, -0.1689] (mse: 0.000043)
[0.0246, -0.0390, 0.1865, -35.2790, 14.4896, -155.9338]   ===>   [0.0108, 0.0144, -0.1614],  actual: [0.0119, 0.0136, -0.1606] (mse: 0.000002)
[0.0049, -0.0416, 0.1892, -64.2090, -1.7306, -171.6476]   ===>   [0.0322, 0.0189, -0.1705],  actual: [0.0326, 0.0144, -0.1660] (mse: 0.000040)
[-0.0026, -0.0215, 0.1919, 56.4149, -6.8267, -166.7855]   ===>   [0.0304, 0.0294, -0.1707],  actual: [0.0385, 0.0338, -0.1663] (mse: 0.000104)
[-0.0166, -0.0395, 0.1839, -86.2650, 0.4274, -166.2260]   ===>   [0.0463, 0.0296, -0.1739],  actual: [0.0540, 0.0187, -0.1681] (mse: 0.000210)
[0.0212, -0.0059, 0.1865, 51.1596, -8.7014, -169.1016]   ===>   [0.0130, 0.0443, -0.1617],  actual: [0.0107, 0.0464, -0.1608] (mse: 0.000010)
[-0.0035, -0.0093, 0.1716, 57.3370, -6.8385, -175.8435]   ===>   [0.0391, 0.0493, -0.1668],  actual: [0.0364, 0.0449, -0.1653] (mse: 0.000028)
[-0.0138, -0.0235, 0.1676, -49.3246, 4.8646, -162.6640]   ===>   [0.0474, 0.0312, -0.1674],  actual: [0.0520, 0.0307, -0.1681] (mse: 0.000022)
[-0.0271, -0.0423, 0.1814, -49.9441, 14.5396, -173.2177]   ===>   [0.0706, 0.0126, -0.1744],  actual: [0.0698, 0.0177, -0.1672] (mse: 0.000078)
[0.0185, -0.0346, 0.1890, -1.5628, -6.2173, -178.9760]   ===>   [0.0227, 0.0187, -0.1673],  actual: [0.0176, 0.0205, -0.1624] (mse: 0.000054)
[-0.0294, -0.0416, 0.1839, -29.6890, 13.8475, -154.6260]   ===>   [0.0687, 0.0119, -0.1733],  actual: [0.0683, 0.0171, -0.1699] (mse: 0.000038)
[-0.0141, -0.0140, 0.1695, 25.1807, -8.3115, -160.3091]   ===>   [0.0509, 0.0295, -0.1659],  actual: [0.0498, 0.0408, -0.1683] (mse: 0.000136)
[0.0105, -0.0410, 0.1919, -20.0923, 1.9014, -159.3493]   ===>   [0.0289, 0.0168, -0.1518],  actual: [0.0261, 0.0146, -0.1631] (mse: 0.000142)
[0.0203, -0.0343, 0.1947, -33.0561, -5.6332, -166.1576]   ===>   [0.0162, 0.0201, -0.1661],  actual: [0.0153, 0.0205, -0.1645] (mse: 0.000004)
[-0.0128, -0.0153, 0.1864, -45.6581, 13.3101, -149.8731]   ===>   [0.0467, 0.0399, -0.1493],  actual: [0.0473, 0.0414, -0.1659] (mse: 0.000279)
[0.0202, -0.0385, 0.1892, 48.1985, 5.1687, -165.6496]   ===>   [0.0066, 0.0132, -0.1586],  actual: [0.0169, 0.0142, -0.1613] (mse: 0.000114)
[0.0213, -0.0154, 0.1865, 40.2417, -1.2314, -158.5813]   ===>   [0.0188, 0.0518, -0.1629],  actual: [0.0116, 0.0359, -0.1631] (mse: 0.000304)
[-0.0074, -0.0420, 0.1892, -60.7682, -9.3189, -170.2627]   ===>   [0.0421, 0.0195, -0.1668],  actual: [0.0444, 0.0162, -0.1669] (mse: 0.000016)
[0.0079, -0.0241, 0.1865, -24.5954, 13.7901, -155.2537]   ===>   [0.0277, 0.0282, -0.1580],  actual: [0.0274, 0.0304, -0.1643] (mse: 0.000045)
[-0.0205, -0.0420, 0.1892, -34.0890, 18.7563, -156.6791]   ===>   [0.0597, 0.0089, -0.1798],  actual: [0.0591, 0.0169, -0.1683] (mse: 0.000197)
[-0.0040, -0.0222, 0.1918, -40.6028, 5.0502, -151.0764]   ===>   [0.0256, 0.0235, -0.1488],  actual: [0.0382, 0.0338, -0.1664] (mse: 0.000576)
[-0.0017, -0.0399, 0.1892, 82.3900, -8.2568, -163.2537]   ===>   [0.0448, 0.0116, -0.1843],  actual: [0.0414, 0.0137, -0.1672] (mse: 0.000311)
[-0.0020, -0.0298, 0.1865, -61.1304, 19.4777, -171.7094]   ===>   [0.0414, 0.0328, -0.1694],  actual: [0.0409, 0.0257, -0.1662] (mse: 0.000061)
[-0.0102, -0.0402, 0.1892, 32.3313, -5.4817, -170.8394]   ===>   [0.0492, 0.0162, -0.1692],  actual: [0.0478, 0.0165, -0.1672] (mse: 0.000006)
[0.0030, -0.0088, 0.1742, -83.8722, 13.3148, -163.6026]   ===>   [0.0351, 0.0525, -0.1652],  actual: [0.0302, 0.0468, -0.1642] (mse: 0.000058)
[0.0069, -0.0203, 0.1839, 75.7818, -8.9407, -179.3403]   ===>   [0.0346, 0.0351, -0.1808],  actual: [0.0276, 0.0332, -0.1658] (mse: 0.000277)
[0.0219, -0.0205, 0.1892, 51.4578, -5.1794, -170.1026]   ===>   [0.0156, 0.0326, -0.1600],  actual: [0.0129, 0.0322, -0.1624] (mse: 0.000013)
[-0.0055, -0.0042, 0.1814, 41.3000, -16.1878, -169.3317]   ===>   [0.0404, 0.0531, -0.1687],  actual: [0.0368, 0.0512, -0.1646] (mse: 0.000034)
[0.0078, -0.0308, 0.1947, 43.9971, 3.6070, -168.6545]   ===>   [0.0224, 0.0273, -0.1593],  actual: [0.0277, 0.0246, -0.1641] (mse: 0.000059)
[0.0227, 0.0108, 0.1838, -12.5576, -11.7189, -179.4558]   ===>   [-0.0018, 0.0646, -0.1570],  actual: [0.0071, 0.0671, -0.1587] (mse: 0.000089)
[-0.0005, -0.0123, 0.1762, 75.3132, 3.4313, -179.6045]   ===>   [0.0428, 0.0544, -0.1850],  actual: [0.0331, 0.0428, -0.1655] (mse: 0.000606)
[0.0094, -0.0274, 0.1865, -54.4099, -6.6943, -159.5631]   ===>   [0.0236, 0.0230, -0.1626],  actual: [0.0246, 0.0283, -0.1639] (mse: 0.000030)
[-0.0153, -0.0157, 0.1814, -11.7678, -4.8584, -155.3575]   ===>   [0.0521, 0.0442, -0.1706],  actual: [0.0505, 0.0408, -0.1674] (mse: 0.000024)
[-0.0123, -0.0317, 0.1865, -66.5784, 10.7148, -152.7613]   ===>   [0.0451, 0.0218, -0.1538],  actual: [0.0484, 0.0255, -0.1665] (mse: 0.000186)
[0.0077, -0.0345, 0.1865, -10.3428, 12.1434, -165.3856]   ===>   [0.0254, 0.0157, -0.1581],  actual: [0.0301, 0.0201, -0.1641] (mse: 0.000077)
[-0.0058, -0.0051, 0.1788, -54.1303, 17.8765, -155.6206]   ===>   [0.0398, 0.0513, -0.1574],  actual: [0.0398, 0.0503, -0.1659] (mse: 0.000073)
[-0.0317, -0.0238, 0.1812, 7.6614, -12.2959, -164.1363]   ===>   [0.0680, 0.0364, -0.1794],  actual: [0.0692, 0.0351, -0.1684] (mse: 0.000124)
[-0.0032, -0.0247, 0.1764, 0.6818, -7.1123, -163.8125]   ===>   [0.0367, 0.0264, -0.1685],  actual: [0.0394, 0.0292, -0.1661] (mse: 0.000021)
[0.0079, -0.0045, 0.1718, 77.0661, -7.7257, -161.8160]   ===>   [0.0343, 0.0545, -0.1749],  actual: [0.0263, 0.0477, -0.1647] (mse: 0.000213)
[-0.0095, -0.0241, 0.1892, 83.4680, -7.5381, -165.4633]   ===>   [0.0384, 0.0231, -0.1817],  actual: [0.0464, 0.0308, -0.1677] (mse: 0.000321)
[0.0082, -0.0254, 0.2003, -46.5164, 9.8662, -168.5629]   ===>   [0.0404, 0.0332, -0.1833],  actual: [0.0279, 0.0309, -0.1645] (mse: 0.000516)
[-0.0031, -0.0307, 0.1865, -21.5256, -2.3372, -163.2802]   ===>   [0.0350, 0.0265, -0.1545],  actual: [0.0397, 0.0250, -0.1660] (mse: 0.000156)
[0.0106, -0.0096, 0.1892, 39.4255, -5.5627, -161.5100]   ===>   [0.0211, 0.0412, -0.1617],  actual: [0.0215, 0.0437, -0.1643] (mse: 0.000013)
[-0.0019, -0.0323, 0.1918, 89.6035, 11.4227, -175.7865]   ===>   [0.0314, 0.0283, -0.1781],  actual: [0.0379, 0.0235, -0.1655] (mse: 0.000221)
[0.0117, -0.0123, 0.1892, 24.0988, -9.7067, -161.0887]   ===>   [0.0174, 0.0399, -0.1597],  actual: [0.0212, 0.0413, -0.1650] (mse: 0.000044)
[0.0141, -0.0123, 0.1763, -29.5238, -6.3831, -169.4468]   ===>   [0.0240, 0.0422, -0.1688],  actual: [0.0181, 0.0415, -0.1642] (mse: 0.000057)
[0.0207, -0.0348, 0.1947, -35.1940, 18.8495, -167.6205]   ===>   [0.0186, 0.0141, -0.1642],  actual: [0.0182, 0.0193, -0.1621] (mse: 0.000032)
[-0.0014, -0.0413, 0.1919, -47.8349, 6.4565, -160.3645]   ===>   [0.0444, 0.0139, -0.1608],  actual: [0.0387, 0.0158, -0.1653] (mse: 0.000056)
[0.0189, -0.0278, 0.1892, 77.4103, -6.7603, -173.7401]   ===>   [0.0173, 0.0230, -0.1712],  actual: [0.0172, 0.0244, -0.1624] (mse: 0.000079)
[0.0262, -0.0378, 0.1918, 75.2549, 5.8516, -163.0285]   ===>   [0.0042, 0.0137, -0.1670],  actual: [0.0122, 0.0138, -0.1605] (mse: 0.000107)
[-0.0319, -0.0437, 0.1973, 39.1412, -4.3111, -172.9476]   ===>   [0.0626, 0.0154, -0.1596],  actual: [0.0692, 0.0178, -0.1675] (mse: 0.000111)
[-0.0290, -0.0172, 0.1891, -69.4197, 16.1321, -175.2323]   ===>   [0.0703, 0.0393, -0.1685],  actual: [0.0668, 0.0419, -0.1695] (mse: 0.000021)
[-0.0135, -0.0334, 0.1839, -4.8757, -6.6941, -168.3931]   ===>   [0.0460, 0.0245, -0.1611],  actual: [0.0510, 0.0235, -0.1664] (mse: 0.000053)
[-0.0123, -0.0169, 0.1742, -65.2699, 14.6714, -159.3636]   ===>   [0.0492, 0.0371, -0.1637],  actual: [0.0488, 0.0393, -0.1662] (mse: 0.000012)
[-0.0105, -0.0429, 0.1839, -21.3054, 4.2593, -170.6295]   ===>   [0.0491, 0.0187, -0.1732],  actual: [0.0498, 0.0139, -0.1672] (mse: 0.000059)
[0.0225, -0.0301, 0.1892, 69.3811, -2.8821, -175.4592]   ===>   [0.0130, 0.0217, -0.1667],  actual: [0.0134, 0.0226, -0.1622] (mse: 0.000021)
[0.0002, -0.0410, 0.1892, -9.8367, 5.2608, -167.6702]   ===>   [0.0404, 0.0231, -0.1645],  actual: [0.0375, 0.0152, -0.1657] (mse: 0.000072)
[0.0051, -0.0166, 0.1892, -26.2019, 13.1393, -157.0992]   ===>   [0.0307, 0.0360, -0.1546],  actual: [0.0301, 0.0377, -0.1651] (mse: 0.000113)
[-0.0110, -0.0304, 0.1789, 0.5998, -7.1765, -164.0396]   ===>   [0.0449, 0.0276, -0.1592],  actual: [0.0486, 0.0248, -0.1665] (mse: 0.000075)
[0.0169, -0.0290, 0.1918, -65.8483, -0.2309, -169.7592]   ===>   [0.0160, 0.0278, -0.1596],  actual: [0.0187, 0.0265, -0.1624] (mse: 0.000016)
[-0.0151, -0.0390, 0.1788, 33.6103, -2.8335, -178.1653]   ===>   [0.0457, 0.0165, -0.1662],  actual: [0.0517, 0.0172, -0.1677] (mse: 0.000039)
[0.0215, -0.0375, 0.1892, -16.9377, -1.1154, -166.3435]   ===>   [0.0165, 0.0178, -0.1595],  actual: [0.0155, 0.0156, -0.1613] (mse: 0.000009)
[0.0178, -0.0413, 0.1891, -14.2803, 5.6957, -165.9690]   ===>   [0.0276, 0.0133, -0.1583],  actual: [0.0197, 0.0127, -0.1616] (mse: 0.000074)
[0.0090, -0.0177, 0.1865, -44.0136, 22.7176, -158.0311]   ===>   [0.0379, 0.0342, -0.1713],  actual: [0.0263, 0.0358, -0.1654] (mse: 0.000172)
[0.0209, -0.0399, 0.1785, -82.8006, 19.5468, -163.7603]   ===>   [0.0254, 0.0093, -0.1746],  actual: [0.0159, 0.0116, -0.1611] (mse: 0.000280)
[0.0222, 0.0074, 0.1814, 38.2493, -14.2961, -171.9843]   ===>   [0.0076, 0.0582, -0.1544],  actual: [0.0075, 0.0608, -0.1594] (mse: 0.000032)
[0.0217, -0.0281, 0.1919, 4.6649, -10.4867, -175.5787]   ===>   [0.0189, 0.0301, -0.1807],  actual: [0.0133, 0.0264, -0.1632] (mse: 0.000351)
[0.0261, -0.0312, 0.1838, -19.6154, 12.5736, -165.3951]   ===>   [0.0050, 0.0142, -0.1549],  actual: [0.0098, 0.0206, -0.1609] (mse: 0.000100)
[0.0110, 0.0036, 0.1839, 15.5026, -15.6196, -164.1552]   ===>   [0.0166, 0.0609, -0.1605],  actual: [0.0186, 0.0583, -0.1609] (mse: 0.000011)
[0.0098, -0.0182, 0.1942, 15.1892, -3.0043, -170.6855]   ===>   [0.0167, 0.0323, -0.1509],  actual: [0.0242, 0.0379, -0.1646] (mse: 0.000275)
[0.0081, 0.0148, 0.1813, 17.4827, -11.0726, -165.3692]   ===>   [0.0240, 0.0759, -0.1758],  actual: [0.0208, 0.0711, -0.1642] (mse: 0.000169)
[0.0059, -0.0223, 0.1838, -80.6913, 11.2529, -162.4166]   ===>   [0.0318, 0.0322, -0.1587],  actual: [0.0287, 0.0329, -0.1648] (mse: 0.000047)
[-0.0063, -0.0410, 0.1892, -10.5583, -3.8912, -166.3808]   ===>   [0.0446, 0.0212, -0.1695],  actual: [0.0429, 0.0162, -0.1659] (mse: 0.000041)
[0.0233, -0.0395, 0.1919, -49.5833, 19.4693, -164.9876]   ===>   [0.0180, 0.0215, -0.1664],  actual: [0.0150, 0.0143, -0.1615] (mse: 0.000085)
[0.0211, 0.0118, 0.1784, -62.2459, -4.5819, -169.2542]   ===>   [-0.0066, 0.0874, -0.1560],  actual: [0.0078, 0.0680, -0.1591] (mse: 0.000593)
[-0.0083, -0.0271, 0.1865, -34.8397, 4.0243, -155.0936]   ===>   [0.0391, 0.0240, -0.1511],  actual: [0.0439, 0.0285, -0.1675] (mse: 0.000315)
[-0.0067, -0.0296, 0.1919, 85.9617, -1.1795, -160.2934]   ===>   [0.0439, 0.0155, -0.1747],  actual: [0.0444, 0.0252, -0.1677] (mse: 0.000143)
[0.0137, 0.0028, 0.1838, -74.9841, -4.8194, -158.7991]   ===>   [0.0031, 0.0812, -0.1519],  actual: [0.0160, 0.0596, -0.1608] (mse: 0.000712)
[0.0009, -0.0099, 0.1720, 0.0232, 10.9840, -151.5789]   ===>   [0.0401, 0.0385, -0.1660],  actual: [0.0333, 0.0442, -0.1645] (mse: 0.000080)
[0.0168, 0.0097, 0.1694, -75.0910, 8.4714, -158.3407]   ===>   [0.0141, 0.0638, -0.1594],  actual: [0.0115, 0.0663, -0.1593] (mse: 0.000013)
[0.0209, -0.0011, 0.1865, 50.6385, -12.1182, -166.3545]   ===>   [0.0087, 0.0451, -0.1640],  actual: [0.0104, 0.0506, -0.1603] (mse: 0.000048)
[-0.0119, -0.0219, 0.1788, 84.8621, 6.9695, -177.3501]   ===>   [0.0448, 0.0418, -0.1682],  actual: [0.0473, 0.0333, -0.1673] (mse: 0.000078)
[0.0217, -0.0028, 0.1850, -65.3234, 19.6453, -162.3341]   ===>   [0.0156, 0.0401, -0.1647],  actual: [0.0102, 0.0523, -0.1602] (mse: 0.000199)
[-0.0221, -0.0297, 0.1864, -46.7107, 10.7223, -147.9755]   ===>   [0.0515, 0.0282, -0.1570],  actual: [0.0581, 0.0289, -0.1665] (mse: 0.000135)
[-0.0248, -0.0348, 0.1839, -14.3080, 1.7429, -157.5973]   ===>   [0.0628, 0.0169, -0.1650],  actual: [0.0620, 0.0232, -0.1696] (mse: 0.000061)
[0.0022, -0.0043, 0.1812, -15.0937, 19.4803, -154.1509]   ===>   [0.0422, 0.0553, -0.1734],  actual: [0.0315, 0.0507, -0.1650] (mse: 0.000207)
[0.0015, -0.0237, 0.1891, -88.4928, 12.7720, -170.4889]   ===>   [0.0290, 0.0258, -0.1616],  actual: [0.0348, 0.0328, -0.1657] (mse: 0.000099)
[-0.0132, -0.0441, 0.1865, -13.8858, 3.2953, -167.4632]   ===>   [0.0508, 0.0232, -0.1726],  actual: [0.0514, 0.0139, -0.1673] (mse: 0.000115)
[-0.0192, -0.0337, 0.1919, 18.5694, 14.2855, -162.4307]   ===>   [0.0613, 0.0205, -0.1743],  actual: [0.0577, 0.0254, -0.1670] (mse: 0.000091)
[0.0216, -0.0379, 0.1947, -58.5306, 11.9810, -164.2766]   ===>   [0.0125, 0.0164, -0.1680],  actual: [0.0162, 0.0167, -0.1612] (mse: 0.000059)
[0.0221, -0.0075, 0.1865, 61.3741, -2.2768, -160.6572]   ===>   [0.0151, 0.0573, -0.1659],  actual: [0.0109, 0.0437, -0.1609] (mse: 0.000228)
[-0.0145, -0.0116, 0.1742, 2.8839, 18.9507, -148.8517]   ===>   [0.0495, 0.0495, -0.1730],  actual: [0.0520, 0.0449, -0.1673] (mse: 0.000060)
[0.0235, -0.0047, 0.1865, 30.0405, -2.4714, -168.9446]   ===>   [0.0090, 0.0515, -0.1608],  actual: [0.0084, 0.0487, -0.1614] (mse: 0.000008)
[-0.0180, -0.0375, 0.1865, 82.0105, -7.7496, -163.4645]   ===>   [0.0490, 0.0175, -0.1876],  actual: [0.0577, 0.0182, -0.1687] (mse: 0.000434)
[0.0064, -0.0187, 0.1717, 1.5594, -3.0861, -168.9659]   ===>   [0.0212, 0.0461, -0.1683],  actual: [0.0280, 0.0342, -0.1656] (mse: 0.000196)
[-0.0083, -0.0448, 0.1919, -41.8938, 6.2243, -167.9342]   ===>   [0.0530, 0.0128, -0.1729],  actual: [0.0460, 0.0140, -0.1671] (mse: 0.000084)
[0.0011, -0.0239, 0.1865, 70.6754, -3.7627, 179.4479]   ===>   [0.0478, 0.0511, -0.1694],  actual: [0.0331, 0.0306, -0.1655] (mse: 0.000655)
[0.0052, -0.0409, 0.1947, -10.3735, -9.9094, -157.0434]   ===>   [0.0317, 0.0167, -0.1681],  actual: [0.0309, 0.0150, -0.1649] (mse: 0.000013)
[0.0227, 0.0087, 0.1814, 38.8900, -12.0503, -173.2643]   ===>   [0.0077, 0.0593, -0.1537],  actual: [0.0069, 0.0626, -0.1592] (mse: 0.000042)
[0.0046, -0.0219, 0.1892, 32.5243, -10.7705, -177.8598]   ===>   [0.0293, 0.0382, -0.1665],  actual: [0.0278, 0.0339, -0.1651] (mse: 0.000023)
[-0.0076, -0.0020, 0.1789, 29.9586, -9.0877, -167.8797]   ===>   [0.0393, 0.0554, -0.1690],  actual: [0.0387, 0.0551, -0.1650] (mse: 0.000017)
[-0.0039, -0.0026, 0.1882, -84.7485, 9.4136, -157.9743]   ===>   [0.0367, 0.0552, -0.1591],  actual: [0.0351, 0.0548, -0.1651] (mse: 0.000039)
[0.0191, -0.0239, 0.1945, -67.6235, 17.1297, -176.1390]   ===>   [0.0229, 0.0293, -0.1672],  actual: [0.0181, 0.0301, -0.1623] (mse: 0.000047)
[-0.0244, -0.0420, 0.1787, -81.0560, -7.3755, -160.9496]   ===>   [0.0626, 0.0213, -0.1614],  actual: [0.0629, 0.0171, -0.1668] (mse: 0.000047)
[-0.0281, -0.0441, 0.1865, 55.4720, 2.6998, -158.4193]   ===>   [0.0705, 0.0151, -0.1666],  actual: [0.0693, 0.0137, -0.1672] (mse: 0.000004)
[0.0078, -0.0431, 0.1947, -47.8611, 5.5858, -161.0696]   ===>   [0.0298, 0.0171, -0.1623],  actual: [0.0293, 0.0142, -0.1635] (mse: 0.000010)
[0.0218, -0.0025, 0.1839, 74.1213, -10.6511, -166.9543]   ===>   [0.0149, 0.0514, -0.1610],  actual: [0.0106, 0.0483, -0.1606] (mse: 0.000028)
[-0.0236, -0.0396, 0.1814, -49.6912, 20.0688, -168.8471]   ===>   [0.0575, 0.0141, -0.1862],  actual: [0.0656, 0.0190, -0.1675] (mse: 0.000438)
[0.0230, -0.0346, 0.1945, -8.5119, 3.1513, -170.3760]   ===>   [0.0107, 0.0191, -0.1697],  actual: [0.0149, 0.0193, -0.1616] (mse: 0.000083)
[-0.0011, -0.0407, 0.1919, -82.8344, 13.4417, -159.9658]   ===>   [0.0347, 0.0202, -0.1618],  actual: [0.0385, 0.0164, -0.1652] (mse: 0.000041)
[0.0116, 0.0016, 0.1742, 17.5232, -9.1887, -168.0867]   ===>   [0.0132, 0.0586, -0.1550],  actual: [0.0191, 0.0567, -0.1615] (mse: 0.000081)
[-0.0303, -0.0138, 0.1916, -70.1716, 14.5169, -172.8075]   ===>   [0.0714, 0.0484, -0.1691],  actual: [0.0664, 0.0455, -0.1693] (mse: 0.000033)
[-0.0008, -0.0103, 0.1789, 16.5028, -13.7149, -165.6214]   ===>   [0.0344, 0.0457, -0.1678],  actual: [0.0329, 0.0452, -0.1642] (mse: 0.000015)
[-0.0334, -0.0014, 0.1813, -31.9726, 16.5952, -156.4288]   ===>   [0.0720, 0.0525, -0.1720],  actual: [0.0691, 0.0587, -0.1696] (mse: 0.000052)
[0.0197, -0.0358, 0.1947, -84.9544, -9.1977, -159.7466]   ===>   [0.0136, 0.0238, -0.1668],  actual: [0.0153, 0.0212, -0.1645] (mse: 0.000016)
[-0.0063, -0.0054, 0.1812, -45.6267, 13.3843, -150.3592]   ===>   [0.0365, 0.0505, -0.1511],  actual: [0.0394, 0.0503, -0.1655] (mse: 0.000215)
[-0.0125, -0.0215, 0.1865, -11.0548, -1.7624, -160.1419]   ===>   [0.0464, 0.0350, -0.1551],  actual: [0.0478, 0.0352, -0.1674] (mse: 0.000156)
[-0.0017, -0.0144, 0.1833, 26.9424, -2.3582, -174.7952]   ===>   [0.0347, 0.0411, -0.1619],  actual: [0.0342, 0.0420, -0.1652] (mse: 0.000012)
[0.0023, -0.0180, 0.2029, -32.1142, -5.5178, -165.0736]   ===>   [0.0182, 0.0259, -0.1540],  actual: [0.0311, 0.0387, -0.1652] (mse: 0.000456)
[-0.0140, -0.0096, 0.1765, -66.6171, 22.4456, -162.1780]   ===>   [0.0559, 0.0470, -0.1701],  actual: [0.0499, 0.0467, -0.1674] (mse: 0.000043)
[-0.0193, 0.0141, 0.1789, -68.2987, 29.3711, -158.9031]   ===>   [0.0504, 0.0742, -0.1745],  actual: [0.0525, 0.0724, -0.1669] (mse: 0.000065)
[0.0170, -0.0320, 0.1814, -74.2445, 6.0276, -178.7913]   ===>   [0.0228, 0.0401, -0.1743],  actual: [0.0199, 0.0207, -0.1623] (mse: 0.000532)
[-0.0265, -0.0155, 0.1892, 15.4071, 3.5522, -154.8979]   ===>   [0.0450, 0.0452, -0.1422],  actual: [0.0620, 0.0431, -0.1688] (mse: 0.001003)
[0.0158, 0.0121, 0.1814, -7.8575, -4.8468, -165.8288]   ===>   [0.0076, 0.0650, -0.1610],  actual: [0.0131, 0.0682, -0.1596] (mse: 0.000043)
[0.0015, -0.0266, 0.1892, 47.1089, 4.3795, -167.4147]   ===>   [0.0370, 0.0303, -0.1615],  actual: [0.0333, 0.0287, -0.1650] (mse: 0.000028)
[-0.0138, -0.0423, 0.1919, 79.7168, 10.3913, 175.5619]   ===>   [0.0294, 0.0531, -0.1703],  actual: [0.0499, 0.0157, -0.1670] (mse: 0.001832)
[0.0243, 0.0173, 0.1919, 63.3511, -7.5523, -164.1727]   ===>   [0.0105, 0.0614, -0.1777],  actual: [0.0055, 0.0685, -0.1584] (mse: 0.000450)
[-0.0017, 0.0134, 0.1789, 28.4951, -17.0796, -163.2682]   ===>   [0.0313, 0.0676, -0.1762],  actual: [0.0305, 0.0698, -0.1638] (mse: 0.000159)
[-0.0019, -0.0401, 0.1919, 52.2727, -2.4115, -170.8394]   ===>   [0.0374, 0.0184, -0.1710],  actual: [0.0392, 0.0157, -0.1661] (mse: 0.000034)
[0.0211, 0.0144, 0.1828, 10.7124, -1.0711, -153.1641]   ===>   [0.0085, 0.0655, -0.1676],  actual: [0.0074, 0.0683, -0.1582] (mse: 0.000096)
[-0.0045, -0.0227, 0.1865, 22.4528, -2.7933, -171.8163]   ===>   [0.0388, 0.0335, -0.1616],  actual: [0.0387, 0.0337, -0.1662] (mse: 0.000022)
[0.0127, -0.0408, 0.1919, 52.8245, -5.0834, -170.5882]   ===>   [0.0269, 0.0181, -0.1605],  actual: [0.0242, 0.0129, -0.1631] (mse: 0.000041)
[0.0115, -0.0103, 0.1864, -39.9309, 0.1509, -163.7694]   ===>   [0.0145, 0.0451, -0.1486],  actual: [0.0212, 0.0441, -0.1644] (mse: 0.000296)
[0.0127, 0.0027, 0.1716, -30.2558, -2.5941, -162.5813]   ===>   [0.0171, 0.0451, -0.1596],  actual: [0.0167, 0.0591, -0.1609] (mse: 0.000198)
[-0.0270, -0.0404, 0.1737, 39.9772, -1.2236, -178.9692]   ===>   [0.0697, 0.0111, -0.1795],  actual: [0.0657, 0.0161, -0.1677] (mse: 0.000182)
[-0.0044, -0.0226, 0.1789, -55.2145, 17.0693, -168.3430]   ===>   [0.0395, 0.0323, -0.1614],  actual: [0.0412, 0.0330, -0.1668] (mse: 0.000032)
[-0.0335, -0.0094, 0.1864, -19.0821, 18.5230, -154.0215]   ===>   [0.0677, 0.0475, -0.1718],  actual: [0.0691, 0.0508, -0.1693] (mse: 0.000018)
[-0.0049, 0.0026, 0.1789, -60.0950, 23.6423, -165.3585]   ===>   [0.0365, 0.0526, -0.1671],  actual: [0.0394, 0.0584, -0.1655] (mse: 0.000045)
[-0.0180, 0.0083, 0.1862, 84.2642, 21.5348, -176.1469]   ===>   [0.0426, 0.0742, -0.1587],  actual: [0.0495, 0.0703, -0.1663] (mse: 0.000121)
[0.0251, -0.0317, 0.1864, -16.4467, 11.7546, -156.8205]   ===>   [0.0084, 0.0171, -0.1542],  actual: [0.0104, 0.0203, -0.1609] (mse: 0.000060)
[0.0214, -0.0099, 0.1720, -3.9060, 16.3411, -159.8542]   ===>   [0.0235, 0.0349, -0.1595],  actual: [0.0110, 0.0417, -0.1624] (mse: 0.000212)
[-0.0257, -0.0408, 0.1839, -11.0011, 18.0592, -155.2613]   ===>   [0.0696, 0.0126, -0.1771],  actual: [0.0661, 0.0181, -0.1675] (mse: 0.000135)
[-0.0095, -0.0292, 0.1839, 69.5119, -1.6232, -179.9527]   ===>   [0.0428, 0.0227, -0.1723],  actual: [0.0450, 0.0261, -0.1663] (mse: 0.000053)
[0.0158, 0.0068, 0.1788, 17.0030, -10.7751, -168.0559]   ===>   [0.0112, 0.0560, -0.1639],  actual: [0.0134, 0.0620, -0.1600] (mse: 0.000056)
[-0.0241, -0.0285, 0.1892, -35.1280, 8.8469, -158.2687]   ===>   [0.0604, 0.0275, -0.1629],  actual: [0.0601, 0.0309, -0.1687] (mse: 0.000045)
[-0.0301, -0.0211, 0.1891, -70.2387, 14.3257, -172.3036]   ===>   [0.0708, 0.0337, -0.1694],  actual: [0.0676, 0.0377, -0.1699] (mse: 0.000027)
[-0.0309, -0.0428, 0.1839, -46.6499, 10.8478, -144.8585]   ===>   [0.0667, 0.0150, -0.1745],  actual: [0.0697, 0.0159, -0.1672] (mse: 0.000062)
[0.0180, -0.0439, 0.1947, -66.9335, -3.6512, -171.9300]   ===>   [0.0155, 0.0117, -0.1659],  actual: [0.0199, 0.0124, -0.1623] (mse: 0.000033)
[0.0207, -0.0417, 0.1947, 52.8664, -4.0993, -166.4821]   ===>   [0.0124, 0.0142, -0.1643],  actual: [0.0184, 0.0119, -0.1619] (mse: 0.000047)
[-0.0108, -0.0302, 0.1740, 17.3926, -6.9795, -164.6830]   ===>   [0.0471, 0.0256, -0.1596],  actual: [0.0489, 0.0237, -0.1670] (mse: 0.000062)
[0.0125, 0.0151, 0.1789, 13.8527, -7.5224, -161.8352]   ===>   [0.0170, 0.0695, -0.1716],  actual: [0.0162, 0.0708, -0.1617] (mse: 0.000101)
[0.0095, 0.0105, 0.1838, -29.7895, -9.8165, -174.0692]   ===>   [0.0099, 0.0714, -0.1536],  actual: [0.0206, 0.0685, -0.1620] (mse: 0.000192)
[-0.0244, 0.0090, 0.1697, -30.0973, 12.4680, -149.2634]   ===>   [0.0569, 0.0715, -0.1803],  actual: [0.0596, 0.0688, -0.1668] (mse: 0.000197)
[0.0070, -0.0200, 0.1864, -40.1352, 22.2443, -157.8384]   ===>   [0.0408, 0.0347, -0.1725],  actual: [0.0292, 0.0339, -0.1656] (mse: 0.000183)
[-0.0268, -0.0430, 0.1864, -71.9781, 14.9779, -155.1765]   ===>   [0.0667, 0.0169, -0.1697],  actual: [0.0654, 0.0169, -0.1673] (mse: 0.000007)
[0.0243, 0.0177, 0.2101, 51.2879, -7.4442, -170.1620]   ===>   [0.0082, 0.0706, -0.1664],  actual: [0.0067, 0.0691, -0.1582] (mse: 0.000071)
[0.0113, 0.0019, 0.1697, -67.7840, -0.6731, -159.7152]   ===>   [0.0142, 0.0655, -0.1610],  actual: [0.0180, 0.0587, -0.1619] (mse: 0.000063)
[-0.0062, -0.0223, 0.1765, -26.5232, -7.4863, -163.0697]   ===>   [0.0381, 0.0350, -0.1707],  actual: [0.0405, 0.0341, -0.1669] (mse: 0.000021)
[-0.0122, -0.0150, 0.1789, -68.8783, 13.4861, -157.9191]   ===>   [0.0481, 0.0451, -0.1601],  actual: [0.0472, 0.0417, -0.1660] (mse: 0.000048)
[0.0103, -0.0437, 0.1976, -22.8393, -6.4518, -163.3068]   ===>   [0.0236, 0.0181, -0.1650],  actual: [0.0270, 0.0123, -0.1654] (mse: 0.000045)
[0.0167, 0.0078, 0.1674, -61.3640, 3.7982, -157.8951]   ===>   [0.0136, 0.0642, -0.1633],  actual: [0.0116, 0.0640, -0.1592] (mse: 0.000020)
[0.0199, -0.0292, 0.1865, 77.3580, -6.2091, -174.0958]   ===>   [0.0175, 0.0242, -0.1680],  actual: [0.0162, 0.0226, -0.1621] (mse: 0.000038)
[0.0246, -0.0368, 0.1753, -50.4391, 21.3086, -158.1542]   ===>   [0.0180, 0.0043, -0.1675],  actual: [0.0111, 0.0127, -0.1604] (mse: 0.000167)
[-0.0286, -0.0453, 0.1891, 61.4737, 1.3587, -164.8239]   ===>   [0.0712, 0.0095, -0.1746],  actual: [0.0689, 0.0133, -0.1679] (mse: 0.000065)
[0.0059, -0.0141, 0.1865, 75.9813, -4.0095, -176.1790]   ===>   [0.0327, 0.0398, -0.1700],  actual: [0.0274, 0.0393, -0.1649] (mse: 0.000054)
[0.0128, -0.0425, 0.1919, -21.0040, 6.9085, -170.6326]   ===>   [0.0236, 0.0169, -0.1624],  actual: [0.0254, 0.0129, -0.1640] (mse: 0.000022)
[-0.0300, -0.0430, 0.1865, 0.2273, -10.0486, -159.3316]   ===>   [0.0687, 0.0140, -0.1755],  actual: [0.0686, 0.0159, -0.1675] (mse: 0.000068)
[0.0202, -0.0371, 0.1892, -49.6820, -8.4201, -169.4889]   ===>   [0.0136, 0.0153, -0.1597],  actual: [0.0159, 0.0178, -0.1616] (mse: 0.000016)
[0.0246, -0.0154, 0.1865, 66.7321, -8.1768, -165.0465]   ===>   [0.0171, 0.0426, -0.1631],  actual: [0.0096, 0.0355, -0.1630] (mse: 0.000107)
[0.0087, -0.0076, 0.1976, -68.5943, 17.2136, -174.5041]   ===>   [0.0392, 0.0379, -0.1713],  actual: [0.0268, 0.0471, -0.1646] (mse: 0.000283)
[-0.0263, 0.0147, 0.1917, -76.7262, 22.2389, -171.7579]   ===>   [0.0584, 0.0732, -0.1665],  actual: [0.0586, 0.0734, -0.1667] (mse: 0.000000)
[-0.0065, -0.0189, 0.1718, -31.9965, -13.7851, -167.4630]   ===>   [0.0380, 0.0467, -0.1887],  actual: [0.0414, 0.0369, -0.1658] (mse: 0.000636)
[-0.0037, -0.0411, 0.1891, -60.6702, -8.6724, -170.9919]   ===>   [0.0371, 0.0169, -0.1679],  actual: [0.0404, 0.0165, -0.1669] (mse: 0.000012)
[-0.0186, -0.0317, 0.1788, -83.8224, 2.7927, -155.6168]   ===>   [0.0560, 0.0290, -0.1641],  actual: [0.0553, 0.0264, -0.1668] (mse: 0.000014)
[-0.0114, -0.0316, 0.1789, -32.6509, 0.1194, -164.1677]   ===>   [0.0460, 0.0235, -0.1572],  actual: [0.0494, 0.0242, -0.1668] (mse: 0.000106)
[0.0213, 0.0139, 0.1813, -84.7772, 18.4610, -155.4987]   ===>   [0.0108, 0.0589, -0.1774],  actual: [0.0073, 0.0685, -0.1582] (mse: 0.000474)
[-0.0088, -0.0227, 0.1720, -54.3656, 12.3219, -169.5515]   ===>   [0.0406, 0.0296, -0.1721],  actual: [0.0476, 0.0322, -0.1665] (mse: 0.000088)
[0.0233, -0.0390, 0.1785, -27.8609, 6.8487, -156.8771]   ===>   [0.0157, 0.0140, -0.1622],  actual: [0.0120, 0.0115, -0.1609] (mse: 0.000021)
[0.0058, -0.0278, 0.1919, 56.1108, -3.0872, -168.9388]   ===>   [0.0279, 0.0246, -0.1631],  actual: [0.0307, 0.0271, -0.1648] (mse: 0.000017)
[-0.0128, -0.0140, 0.1676, -32.9586, -2.4971, -154.9115]   ===>   [0.0459, 0.0351, -0.1671],  actual: [0.0473, 0.0431, -0.1676] (mse: 0.000066)
[0.0085, -0.0029, 0.1724, -38.8721, -6.2639, -165.5989]   ===>   [0.0202, 0.0474, -0.1590],  actual: [0.0223, 0.0545, -0.1621] (mse: 0.000064)
[-0.0284, -0.0411, 0.1789, 21.9262, 1.8763, -156.6724]   ===>   [0.0730, 0.0196, -0.1722],  actual: [0.0694, 0.0157, -0.1672] (mse: 0.000053)
[0.0171, -0.0262, 0.1865, -7.1876, 11.4321, -157.8360]   ===>   [0.0167, 0.0261, -0.1537],  actual: [0.0185, 0.0267, -0.1629] (mse: 0.000089)
[0.0028, -0.0433, 0.1947, -82.6521, -6.2374, -162.2349]   ===>   [0.0274, 0.0199, -0.1855],  actual: [0.0335, 0.0154, -0.1649] (mse: 0.000483)
[0.0178, 0.0086, 0.1864, -2.5408, -11.3947, -161.1166]   ===>   [0.0060, 0.0614, -0.1555],  actual: [0.0115, 0.0630, -0.1598] (mse: 0.000052)
[0.0094, 0.0082, 0.1742, -72.8259, -1.8922, -155.8503]   ===>   [0.0077, 0.0791, -0.1514],  actual: [0.0189, 0.0661, -0.1637] (mse: 0.000446)
[0.0242, -0.0209, 0.1865, 79.0836, -7.6287, -166.6975]   ===>   [0.0185, 0.0364, -0.1624],  actual: [0.0111, 0.0297, -0.1634] (mse: 0.000102)
[-0.0265, 0.0118, 0.1863, -46.9620, 24.7190, -172.3668]   ===>   [0.0626, 0.0685, -0.1709],  actual: [0.0621, 0.0723, -0.1669] (mse: 0.000030)
[0.0117, -0.0268, 0.1865, -18.8817, -5.8339, -169.9356]   ===>   [0.0193, 0.0298, -0.1599],  actual: [0.0232, 0.0275, -0.1649] (mse: 0.000045)
[-0.0300, -0.0443, 0.1865, -48.4156, 9.8486, -155.0666]   ===>   [0.0731, 0.0131, -0.1742],  actual: [0.0692, 0.0155, -0.1672] (mse: 0.000070)
[0.0157, -0.0306, 0.1919, 66.9768, -1.4944, -157.3687]   ===>   [0.0217, 0.0248, -0.1625],  actual: [0.0223, 0.0218, -0.1631] (mse: 0.000009)
[-0.0237, -0.0434, 0.1812, -81.8623, -4.7121, -157.9029]   ===>   [0.0635, 0.0195, -0.1629],  actual: [0.0619, 0.0161, -0.1672] (mse: 0.000032)
[-0.0330, -0.0081, 0.1891, -35.0121, 14.9762, -165.2590]   ===>   [0.0678, 0.0490, -0.1706],  actual: [0.0688, 0.0528, -0.1694] (mse: 0.000017)
[-0.0051, -0.0066, 0.1760, 41.8665, -9.0617, -174.7804]   ===>   [0.0373, 0.0462, -0.1640],  actual: [0.0378, 0.0493, -0.1653] (mse: 0.000011)
[0.0208, 0.0010, 0.1865, 50.3945, -13.4163, -166.0914]   ===>   [0.0067, 0.0472, -0.1642],  actual: [0.0101, 0.0527, -0.1600] (mse: 0.000059)
[0.0192, -0.0383, 0.1918, 10.7553, -3.6074, -168.1759]   ===>   [0.0205, 0.0143, -0.1610],  actual: [0.0173, 0.0160, -0.1613] (mse: 0.000014)
[-0.0309, -0.0364, 0.1916, 44.5508, 0.6667, -161.2423]   ===>   [0.0650, 0.0182, -0.1581],  actual: [0.0688, 0.0226, -0.1676] (mse: 0.000124)
[0.0120, -0.0191, 0.1865, 80.1073, -1.1963, -170.5783]   ===>   [0.0231, 0.0369, -0.1687],  actual: [0.0229, 0.0343, -0.1643] (mse: 0.000026)
[-0.0153, -0.0122, 0.1742, -54.1458, 14.3403, -161.6209]   ===>   [0.0510, 0.0398, -0.1659],  actual: [0.0516, 0.0444, -0.1680] (mse: 0.000026)
[-0.0195, -0.0312, 0.1863, -58.2260, 11.9908, -167.5071]   ===>   [0.0563, 0.0217, -0.1561],  actual: [0.0582, 0.0281, -0.1667] (mse: 0.000158)
[-0.0098, 0.0001, 0.1742, -60.5227, 22.7134, -163.5064]   ===>   [0.0429, 0.0547, -0.1704],  actual: [0.0450, 0.0566, -0.1667] (mse: 0.000022)
[0.0102, -0.0199, 0.1892, -84.8241, 13.1031, -156.9308]   ===>   [0.0211, 0.0351, -0.1599],  actual: [0.0234, 0.0355, -0.1640] (mse: 0.000022)
[0.0148, -0.0332, 0.1892, 72.3853, 6.8646, -175.2102]   ===>   [0.0239, 0.0180, -0.1672],  actual: [0.0212, 0.0211, -0.1628] (mse: 0.000036)
[0.0226, -0.0301, 0.1919, 74.3669, 6.0325, -161.2117]   ===>   [0.0129, 0.0271, -0.1652],  actual: [0.0142, 0.0216, -0.1635] (mse: 0.000035)
[0.0237, -0.0199, 0.1839, -82.0154, 10.3329, -171.8774]   ===>   [0.0147, 0.0393, -0.1726],  actual: [0.0103, 0.0327, -0.1623] (mse: 0.000169)
[0.0211, -0.0291, 0.1919, 80.4296, 8.3128, -175.1678]   ===>   [0.0151, 0.0254, -0.1687],  actual: [0.0141, 0.0241, -0.1634] (mse: 0.000031)
[0.0146, -0.0317, 0.1865, 81.9981, 13.1827, -176.0609]   ===>   [0.0214, 0.0195, -0.1715],  actual: [0.0212, 0.0230, -0.1627] (mse: 0.000089)
[0.0030, -0.0262, 0.1833, 0.0212, -11.5711, -173.8857]   ===>   [0.0336, 0.0278, -0.1644],  actual: [0.0316, 0.0300, -0.1652] (mse: 0.000009)
[0.0251, -0.0179, 0.1865, 44.2809, 0.3176, -160.6043]   ===>   [0.0210, 0.0504, -0.1620],  actual: [0.0091, 0.0335, -0.1626] (mse: 0.000427)
[0.0195, -0.0327, 0.1865, -82.9363, 22.0652, -172.7992]   ===>   [0.0184, 0.0211, -0.1786],  actual: [0.0182, 0.0198, -0.1620] (mse: 0.000276)
[0.0237, -0.0401, 0.1916, -59.6418, -3.4459, -177.9098]   ===>   [0.0142, 0.0180, -0.1605],  actual: [0.0141, 0.0148, -0.1609] (mse: 0.000010)
[0.0088, 0.0115, 0.1814, 38.1734, -13.9822, -170.6340]   ===>   [0.0205, 0.0649, -0.1740],  actual: [0.0196, 0.0665, -0.1609] (mse: 0.000177)
[0.0030, -0.0021, 0.1865, -4.1681, -5.5237, -163.2800]   ===>   [0.0189, 0.0552, -0.1503],  actual: [0.0280, 0.0547, -0.1653] (mse: 0.000308)
[-0.0289, -0.0446, 0.1838, 9.6232, -1.6982, -167.3185]   ===>   [0.0729, 0.0165, -0.1775],  actual: [0.0673, 0.0145, -0.1672] (mse: 0.000142)
[0.0174, -0.0420, 0.1976, -47.1001, 9.7597, -162.0715]   ===>   [0.0243, 0.0121, -0.1755],  actual: [0.0210, 0.0135, -0.1620] (mse: 0.000195)
[-0.0254, -0.0476, 0.1947, -42.2247, 6.6798, -167.4228]   ===>   [0.0723, 0.0203, -0.1722],  actual: [0.0639, 0.0141, -0.1674] (mse: 0.000131)
[-0.0191, 0.0044, 0.1912, 82.4513, 24.8348, -157.3589]   ===>   [0.0477, 0.0691, -0.1633],  actual: [0.0533, 0.0666, -0.1662] (mse: 0.000047)
[-0.0158, -0.0257, 0.1839, -59.0514, 17.9170, -166.0631]   ===>   [0.0481, 0.0245, -0.1600],  actual: [0.0535, 0.0311, -0.1682] (mse: 0.000141)
[0.0127, -0.0274, 0.1865, -59.0533, 4.9384, -168.6846]   ===>   [0.0197, 0.0302, -0.1537],  actual: [0.0223, 0.0276, -0.1649] (mse: 0.000136)
[0.0006, 0.0102, 0.1835, -26.5317, -8.9325, -162.1031]   ===>   [0.0273, 0.0672, -0.1589],  actual: [0.0289, 0.0685, -0.1655] (mse: 0.000047)
[-0.0052, -0.0096, 0.1889, -0.6860, 7.9119, -151.1477]   ===>   [0.0365, 0.0488, -0.1399],  actual: [0.0386, 0.0460, -0.1653] (mse: 0.000658)
[-0.0003, -0.0236, 0.1892, -10.0852, 8.2169, -163.0706]   ===>   [0.0313, 0.0263, -0.1609],  actual: [0.0360, 0.0324, -0.1653] (mse: 0.000079)
[0.0061, -0.0392, 0.1919, 62.3286, -0.5843, -164.2116]   ===>   [0.0380, 0.0186, -0.1624],  actual: [0.0316, 0.0145, -0.1647] (mse: 0.000063)
[0.0204, 0.0120, 0.1784, -0.3095, -3.4273, -158.6098]   ===>   [0.0083, 0.0669, -0.1587],  actual: [0.0085, 0.0668, -0.1592] (mse: 0.000000)
[0.0192, -0.0407, 0.1864, -79.4828, 6.2834, -162.3893]   ===>   [0.0171, 0.0137, -0.1556],  actual: [0.0174, 0.0132, -0.1620] (mse: 0.000040)
[0.0106, -0.0231, 0.1789, -1.6801, 12.1424, -154.0825]   ===>   [0.0194, 0.0233, -0.1539],  actual: [0.0241, 0.0293, -0.1647] (mse: 0.000175)
[-0.0306, -0.0235, 0.1865, -88.3277, 17.3099, -172.3695]   ===>   [0.0677, 0.0349, -0.1671],  actual: [0.0686, 0.0359, -0.1686] (mse: 0.000004)
[-0.0046, -0.0400, 0.1947, 51.5832, -1.3443, -162.7816]   ===>   [0.0413, 0.0210, -0.1710],  actual: [0.0417, 0.0158, -0.1670] (mse: 0.000043)
[0.0186, -0.0357, 0.1892, 41.7171, 5.0048, -172.3449]   ===>   [0.0123, 0.0180, -0.1585],  actual: [0.0171, 0.0181, -0.1616] (mse: 0.000033)
[-0.0230, -0.0229, 0.1789, -47.4928, 20.4958, -159.3319]   ===>   [0.0668, 0.0327, -0.1741],  actual: [0.0612, 0.0348, -0.1688] (mse: 0.000064)
[0.0019, -0.0094, 0.1765, 17.6164, -8.3059, -170.0098]   ===>   [0.0274, 0.0471, -0.1614],  actual: [0.0306, 0.0463, -0.1642] (mse: 0.000019)
[0.0239, -0.0150, 0.1864, -87.6529, 16.1441, 178.9706]   ===>   [0.0070, 0.0085, -0.1490],  actual: [0.0118, 0.0372, -0.1618] (mse: 0.001006)
[-0.0308, -0.0301, 0.1813, -43.9998, 7.2224, -157.0675]   ===>   [0.0664, 0.0287, -0.1735],  actual: [0.0694, 0.0289, -0.1681] (mse: 0.000039)
[0.0231, -0.0366, 0.1814, -78.5812, 5.5350, -158.6431]   ===>   [0.0224, 0.0327, -0.1673],  actual: [0.0121, 0.0166, -0.1605] (mse: 0.000411)
[-0.0087, -0.0296, 0.1864, -63.0230, 7.2402, -158.1394]   ===>   [0.0408, 0.0228, -0.1575],  actual: [0.0445, 0.0270, -0.1669] (mse: 0.000120)
[0.0169, -0.0118, 0.2001, -36.1767, 5.1752, -167.8134]   ===>   [0.0121, 0.0478, -0.1671],  actual: [0.0173, 0.0423, -0.1642] (mse: 0.000065)
[0.0243, 0.0171, 0.2133, 53.4529, -2.4575, -175.9013]   ===>   [0.0126, 0.0696, -0.1602],  actual: [0.0065, 0.0694, -0.1582] (mse: 0.000042)
[0.0011, -0.0331, 0.1892, -40.5140, 14.4789, -159.3966]   ===>   [0.0339, 0.0225, -0.1578],  actual: [0.0361, 0.0227, -0.1653] (mse: 0.000061)
[0.0097, 0.0106, 0.1814, 12.5291, -0.3783, -152.9991]   ===>   [0.0203, 0.0687, -0.1670],  actual: [0.0190, 0.0658, -0.1638] (mse: 0.000021)
[0.0226, 0.0026, 0.1839, 28.1646, 3.2597, -161.1196]   ===>   [0.0128, 0.0616, -0.1665],  actual: [0.0074, 0.0561, -0.1601] (mse: 0.000100)
[0.0051, -0.0054, 0.1766, -19.1472, -8.3913, -163.6213]   ===>   [0.0263, 0.0474, -0.1599],  actual: [0.0268, 0.0511, -0.1625] (mse: 0.000020)
[0.0204, -0.0359, 0.1918, 51.3213, -6.8494, -171.5924]   ===>   [0.0136, 0.0170, -0.1636],  actual: [0.0160, 0.0167, -0.1641] (mse: 0.000006)
[0.0156, -0.0451, 0.1976, -58.4124, -1.4328, -166.1026]   ===>   [0.0240, 0.0163, -0.1665],  actual: [0.0221, 0.0121, -0.1627] (mse: 0.000035)
[0.0225, -0.0006, 0.1865, 38.4877, -12.7045, -173.4932]   ===>   [0.0058, 0.0495, -0.1614],  actual: [0.0085, 0.0528, -0.1606] (mse: 0.000019)
[-0.0343, 0.0036, 0.1889, -84.4271, 20.5904, -157.6844]   ===>   [0.0712, 0.0530, -0.1665],  actual: [0.0657, 0.0642, -0.1694] (mse: 0.000163)
[0.0229, 0.0133, 0.1919, -54.1661, 10.7886, -155.6751]   ===>   [0.0102, 0.0662, -0.1762],  actual: [0.0071, 0.0663, -0.1589] (mse: 0.000307)
[-0.0333, -0.0155, 0.1917, 7.4131, -10.5819, -156.5114]   ===>   [0.0642, 0.0388, -0.1643],  actual: [0.0662, 0.0442, -0.1689] (mse: 0.000054)
[0.0127, -0.0410, 0.1976, 41.5454, 5.5370, -153.6636]   ===>   [0.0257, 0.0124, -0.1607],  actual: [0.0258, 0.0131, -0.1634] (mse: 0.000008)
