[-0.0261, -0.0415, 0.1891, -76.8548, 5.2674, -178.7344]   ===>   [0.0647, 0.0178, -0.1662],  actual: [0.0662, 0.0188, -0.1697] (mse: 0.000016)
[-0.0244, -0.0420, 0.1787, -81.0560, -7.3755, -160.9496]   ===>   [0.0626, 0.0176, -0.1654],  actual: [0.0629, 0.0171, -0.1668] (mse: 0.000002)
[0.0250, -0.0265, 0.1919, -42.0538, 19.3199, -163.8495]   ===>   [0.0100, 0.0271, -0.1605],  actual: [0.0114, 0.0263, -0.1626] (mse: 0.000007)
[0.0084, -0.0260, 0.1839, -84.6113, 3.0729, -164.8103]   ===>   [0.0263, 0.0307, -0.1642],  actual: [0.0265, 0.0296, -0.1642] (mse: 0.000001)
[0.0227, -0.0155, 0.1865, -8.8613, -4.2287, -170.4274]   ===>   [0.0096, 0.0386, -0.1618],  actual: [0.0103, 0.0378, -0.1631] (mse: 0.000003)
[-0.0081, -0.0403, 0.1919, -24.7720, 1.4171, -152.7499]   ===>   [0.0436, 0.0183, -0.1662],  actual: [0.0448, 0.0167, -0.1671] (mse: 0.000005)
[0.0244, 0.0003, 0.1969, -48.0269, 7.7126, -164.1015]   ===>   [0.0057, 0.0552, -0.1588],  actual: [0.0078, 0.0532, -0.1606] (mse: 0.000012)
[-0.0039, -0.0026, 0.1882, -84.7485, 9.4136, -157.9743]   ===>   [0.0354, 0.0543, -0.1642],  actual: [0.0351, 0.0548, -0.1651] (mse: 0.000001)
[-0.0067, -0.0296, 0.1919, 85.9617, -1.1795, -160.2934]   ===>   [0.0421, 0.0255, -0.1654],  actual: [0.0444, 0.0252, -0.1677] (mse: 0.000011)
[0.0223, -0.0413, 0.1892, 58.9343, -0.9987, -174.2582]   ===>   [0.0153, 0.0116, -0.1598],  actual: [0.0156, 0.0117, -0.1615] (mse: 0.000003)
[-0.0166, -0.0424, 0.1919, 19.9870, 11.2056, -163.4781]   ===>   [0.0558, 0.0163, -0.1662],  actual: [0.0559, 0.0160, -0.1673] (mse: 0.000001)
[0.0092, -0.0310, 0.1947, -21.3424, 0.7734, -156.9037]   ===>   [0.0251, 0.0254, -0.1640],  actual: [0.0265, 0.0243, -0.1643] (mse: 0.000003)
[-0.0023, -0.0040, 0.1781, 18.2821, -14.6496, -164.6084]   ===>   [0.0336, 0.0519, -0.1640],  actual: [0.0347, 0.0523, -0.1642] (mse: 0.000001)
[0.0194, 0.0098, 0.1670, 65.8019, -2.1822, -174.5724]   ===>   [0.0089, 0.0618, -0.1578],  actual: [0.0080, 0.0649, -0.1591] (mse: 0.000012)
[0.0011, -0.0239, 0.1865, 70.6754, -3.7627, 179.4479]   ===>   [0.0318, 0.0333, -0.1653],  actual: [0.0331, 0.0306, -0.1655] (mse: 0.000009)
[-0.0025, -0.0403, 0.1892, -44.9826, -4.6568, -166.3724]   ===>   [0.0384, 0.0164, -0.1663],  actual: [0.0395, 0.0169, -0.1658] (mse: 0.000001)
[0.0105, -0.0449, 0.2033, 48.0266, 10.3687, -165.1911]   ===>   [0.0276, 0.0128, -0.1637],  actual: [0.0278, 0.0118, -0.1651] (mse: 0.000003)
[-0.0196, -0.0443, 0.1919, -84.7373, 9.5213, -163.7935]   ===>   [0.0575, 0.0160, -0.1658],  actual: [0.0581, 0.0163, -0.1671] (mse: 0.000002)
[0.0075, -0.0169, 0.1789, 71.0878, 1.7402, -169.7603]   ===>   [0.0257, 0.0360, -0.1649],  actual: [0.0263, 0.0358, -0.1653] (mse: 0.000001)
[-0.0108, -0.0002, 0.1812, 2.0673, 9.8159, -146.9558]   ===>   [0.0453, 0.0552, -0.1665],  actual: [0.0457, 0.0556, -0.1664] (mse: 0.000000)
[-0.0247, -0.0355, 0.1865, -44.9054, 15.1771, -153.1727]   ===>   [0.0622, 0.0232, -0.1661],  actual: [0.0628, 0.0236, -0.1666] (mse: 0.000001)
[0.0211, -0.0382, 0.1865, -75.2937, -1.1188, -170.7858]   ===>   [0.0151, 0.0159, -0.1607],  actual: [0.0154, 0.0160, -0.1613] (mse: 0.000001)
[-0.0263, -0.0404, 0.1891, -89.3086, 6.0388, -169.6494]   ===>   [0.0643, 0.0198, -0.1664],  actual: [0.0641, 0.0193, -0.1695] (mse: 0.000010)
[0.0258, -0.0357, 0.1891, 69.3723, -1.2447, -174.2278]   ===>   [0.0110, 0.0172, -0.1607],  actual: [0.0113, 0.0169, -0.1613] (mse: 0.000001)
[-0.0303, -0.0121, 0.1814, -75.1736, 20.0700, -174.2357]   ===>   [0.0688, 0.0470, -0.1676],  actual: [0.0684, 0.0472, -0.1692] (mse: 0.000003)
[-0.0285, -0.0421, 0.1839, -6.0302, 16.5095, -148.5207]   ===>   [0.0686, 0.0165, -0.1654],  actual: [0.0689, 0.0163, -0.1678] (mse: 0.000006)
[-0.0291, -0.0386, 0.1789, -49.1517, 3.9047, -158.6014]   ===>   [0.0681, 0.0203, -0.1662],  actual: [0.0680, 0.0200, -0.1702] (mse: 0.000016)
[0.0237, 0.0023, 0.1836, -0.4909, -4.3808, -166.2810]   ===>   [0.0053, 0.0574, -0.1584],  actual: [0.0068, 0.0568, -0.1603] (mse: 0.000007)
[-0.0128, -0.0264, 0.1655, -38.7472, 1.7788, -158.6127]   ===>   [0.0506, 0.0280, -0.1661],  actual: [0.0512, 0.0285, -0.1666] (mse: 0.000001)
[-0.0289, -0.0405, 0.1865, -40.8775, 13.1623, -146.6543]   ===>   [0.0663, 0.0190, -0.1661],  actual: [0.0670, 0.0188, -0.1671] (mse: 0.000001)
[0.0009, -0.0221, 0.1788, -81.8816, 6.7418, -159.5824]   ===>   [0.0334, 0.0332, -0.1653],  actual: [0.0337, 0.0345, -0.1654] (mse: 0.000002)
[-0.0082, -0.0171, 0.1839, -6.3851, 9.5871, -153.1966]   ===>   [0.0432, 0.0387, -0.1664],  actual: [0.0442, 0.0383, -0.1669] (mse: 0.000002)
[0.0156, -0.0224, 0.1839, 13.1046, 9.9590, -160.8611]   ===>   [0.0194, 0.0297, -0.1634],  actual: [0.0206, 0.0302, -0.1637] (mse: 0.000002)
[0.0177, -0.0356, 0.1947, -27.6200, -7.3221, -178.2852]   ===>   [0.0179, 0.0209, -0.1629],  actual: [0.0188, 0.0206, -0.1624] (mse: 0.000001)
[0.0032, -0.0270, 0.1919, 84.7255, 0.7361, -178.4012]   ===>   [0.0312, 0.0290, -0.1645],  actual: [0.0319, 0.0276, -0.1652] (mse: 0.000003)
[0.0015, -0.0237, 0.1891, -88.4928, 12.7720, -170.4889]   ===>   [0.0345, 0.0341, -0.1660],  actual: [0.0348, 0.0328, -0.1657] (mse: 0.000002)
[0.0055, -0.0282, 0.1919, -65.3083, 12.1090, -162.0068]   ===>   [0.0305, 0.0283, -0.1653],  actual: [0.0305, 0.0273, -0.1644] (mse: 0.000002)
[-0.0300, -0.0443, 0.1865, -48.4156, 9.8486, -155.0666]   ===>   [0.0685, 0.0156, -0.1653],  actual: [0.0692, 0.0155, -0.1672] (mse: 0.000004)
[0.0163, -0.0383, 0.1919, 30.6718, -3.5219, -166.8850]   ===>   [0.0195, 0.0158, -0.1626],  actual: [0.0208, 0.0157, -0.1624] (mse: 0.000002)
[0.0186, -0.0393, 0.1919, -70.1744, 20.7256, -163.5899]   ===>   [0.0188, 0.0160, -0.1610],  actual: [0.0197, 0.0149, -0.1620] (mse: 0.000003)
[-0.0303, -0.0410, 0.1864, -66.2747, 18.5238, -153.8826]   ===>   [0.0685, 0.0190, -0.1659],  actual: [0.0682, 0.0192, -0.1699] (mse: 0.000016)
[0.0015, 0.0016, 0.1814, 40.9133, -17.0975, -167.6476]   ===>   [0.0276, 0.0561, -0.1619],  actual: [0.0288, 0.0563, -0.1626] (mse: 0.000002)
[0.0162, -0.0415, 0.1919, 82.4959, -7.0253, -179.2994]   ===>   [0.0216, 0.0129, -0.1622],  actual: [0.0219, 0.0120, -0.1628] (mse: 0.000001)
[0.0075, -0.0133, 0.1919, 75.8905, -4.1252, -176.3210]   ===>   [0.0243, 0.0412, -0.1646],  actual: [0.0257, 0.0403, -0.1648] (mse: 0.000003)
[0.0051, -0.0054, 0.1766, -19.1472, -8.3913, -163.6213]   ===>   [0.0255, 0.0515, -0.1633],  actual: [0.0268, 0.0511, -0.1625] (mse: 0.000002)
[-0.0327, 0.0020, 0.1717, -31.5987, 6.0314, -151.4179]   ===>   [0.0677, 0.0632, -0.1685],  actual: [0.0687, 0.0625, -0.1698] (mse: 0.000003)
[0.0195, -0.0178, 0.1947, -30.2239, -8.3645, -169.0974]   ===>   [0.0123, 0.0370, -0.1634],  actual: [0.0136, 0.0379, -0.1639] (mse: 0.000003)
[-0.0090, -0.0283, 0.1739, 10.1128, -7.8864, -161.5421]   ===>   [0.0458, 0.0258, -0.1656],  actual: [0.0459, 0.0254, -0.1669] (mse: 0.000002)
[0.0053, -0.0192, 0.1812, -32.3157, -5.7336, -165.8162]   ===>   [0.0286, 0.0356, -0.1652],  actual: [0.0285, 0.0356, -0.1651] (mse: 0.000000)
[0.0164, -0.0318, 0.1947, -77.6685, 8.5490, -165.3396]   ===>   [0.0189, 0.0241, -0.1630],  actual: [0.0192, 0.0247, -0.1647] (mse: 0.000003)
[0.0069, -0.0294, 0.1947, -78.5445, 20.4793, -155.5334]   ===>   [0.0291, 0.0294, -0.1657],  actual: [0.0289, 0.0264, -0.1638] (mse: 0.000012)
[-0.0122, 0.0079, 0.1753, -36.5431, -9.8198, -160.4085]   ===>   [0.0415, 0.0688, -0.1639],  actual: [0.0429, 0.0694, -0.1667] (mse: 0.000010)
[0.0191, -0.0239, 0.1945, -67.6235, 17.1297, -176.1390]   ===>   [0.0172, 0.0324, -0.1624],  actual: [0.0181, 0.0301, -0.1623] (mse: 0.000006)
[0.0122, -0.0442, 0.1976, -35.3772, -7.3922, -164.7302]   ===>   [0.0234, 0.0134, -0.1631],  actual: [0.0250, 0.0123, -0.1648] (mse: 0.000007)
[-0.0285, 0.0011, 0.1917, -76.1070, 19.6637, -177.7460]   ===>   [0.0623, 0.0600, -0.1673],  actual: [0.0637, 0.0606, -0.1681] (mse: 0.000003)
[0.0048, -0.0190, 0.1789, -28.3296, -4.6351, -164.4384]   ===>   [0.0293, 0.0357, -0.1653],  actual: [0.0294, 0.0350, -0.1652] (mse: 0.000001)
[-0.0130, -0.0259, 0.1838, -43.0687, -4.1427, -159.1059]   ===>   [0.0478, 0.0322, -0.1667],  actual: [0.0485, 0.0313, -0.1667] (mse: 0.000001)
[-0.0151, -0.0019, 0.1764, 17.9687, -7.8591, -159.4841]   ===>   [0.0473, 0.0553, -0.1660],  actual: [0.0469, 0.0563, -0.1663] (mse: 0.000001)
[-0.0015, -0.0145, 0.1892, 62.7837, 6.2537, -176.5887]   ===>   [0.0322, 0.0437, -0.1648],  actual: [0.0338, 0.0417, -0.1652] (mse: 0.000007)
[-0.0143, -0.0276, 0.1838, -42.8065, -5.2615, -157.7008]   ===>   [0.0491, 0.0305, -0.1666],  actual: [0.0497, 0.0297, -0.1676] (mse: 0.000002)
[-0.0093, -0.0231, 0.1765, -64.9585, 15.3323, -170.5095]   ===>   [0.0474, 0.0332, -0.1659],  actual: [0.0478, 0.0322, -0.1664] (mse: 0.000001)
[0.0180, 0.0094, 0.1789, -10.8378, -6.2146, -172.0619]   ===>   [0.0097, 0.0658, -0.1578],  actual: [0.0119, 0.0656, -0.1597] (mse: 0.000009)
[0.0109, -0.0165, 0.1865, -22.9352, 5.4666, -158.7876]   ===>   [0.0223, 0.0385, -0.1636],  actual: [0.0237, 0.0370, -0.1644] (mse: 0.000005)
[0.0235, -0.0394, 0.1864, 25.6348, 7.1530, -171.3539]   ===>   [0.0130, 0.0137, -0.1597],  actual: [0.0135, 0.0131, -0.1606] (mse: 0.000002)
[0.0213, -0.0396, 0.1864, 65.1784, 2.6254, -160.4880]   ===>   [0.0162, 0.0119, -0.1601],  actual: [0.0172, 0.0114, -0.1620] (mse: 0.000005)
[-0.0021, -0.0204, 0.1891, 9.4522, 2.6358, -159.6551]   ===>   [0.0361, 0.0366, -0.1657],  actual: [0.0373, 0.0352, -0.1664] (mse: 0.000004)
[0.0053, -0.0422, 0.1946, 46.0154, 1.6655, -166.7737]   ===>   [0.0312, 0.0135, -0.1640],  actual: [0.0323, 0.0132, -0.1660] (mse: 0.000005)
[-0.0205, -0.0338, 0.1813, 61.9254, -9.0717, -177.2216]   ===>   [0.0577, 0.0227, -0.1662],  actual: [0.0582, 0.0228, -0.1671] (mse: 0.000001)
[-0.0315, -0.0097, 0.1839, -21.7460, 12.3098, -146.9241]   ===>   [0.0657, 0.0493, -0.1677],  actual: [0.0663, 0.0495, -0.1689] (mse: 0.000002)
[0.0040, 0.0073, 0.1758, 37.8913, -10.1768, -177.6214]   ===>   [0.0244, 0.0636, -0.1627],  actual: [0.0247, 0.0649, -0.1620] (mse: 0.000002)
[0.0204, -0.0387, 0.1891, -5.7503, 13.7546, -159.8037]   ===>   [0.0167, 0.0152, -0.1607],  actual: [0.0175, 0.0143, -0.1613] (mse: 0.000002)
[-0.0186, -0.0446, 0.1839, -42.1844, 6.3123, -168.4050]   ===>   [0.0578, 0.0149, -0.1664],  actual: [0.0580, 0.0140, -0.1673] (mse: 0.000002)
[-0.0244, -0.0422, 0.1838, 74.8324, 12.8082, 175.9476]   ===>   [0.0635, 0.0173, -0.1653],  actual: [0.0615, 0.0167, -0.1665] (mse: 0.000005)
[0.0111, -0.0144, 0.2135, 75.3786, 1.3174, -179.2373]   ===>   [0.0215, 0.0415, -0.1642],  actual: [0.0220, 0.0414, -0.1647] (mse: 0.000000)
[0.0255, -0.0333, 0.1917, 30.3819, -6.2812, -163.8087]   ===>   [0.0108, 0.0189, -0.1608],  actual: [0.0112, 0.0189, -0.1618] (mse: 0.000001)
[0.0174, -0.0272, 0.1892, -57.2170, -0.0619, -173.0035]   ===>   [0.0176, 0.0276, -0.1628],  actual: [0.0182, 0.0272, -0.1632] (mse: 0.000001)
[0.0130, -0.0427, 0.1947, -4.0727, -10.5886, -169.1279]   ===>   [0.0222, 0.0134, -0.1624],  actual: [0.0241, 0.0130, -0.1631] (mse: 0.000004)
[-0.0067, -0.0057, 0.1838, -56.9214, 17.9586, -151.4037]   ===>   [0.0388, 0.0492, -0.1655],  actual: [0.0396, 0.0502, -0.1655] (mse: 0.000002)
[0.0257, -0.0360, 0.1838, 69.3493, -2.1689, -174.6114]   ===>   [0.0102, 0.0155, -0.1601],  actual: [0.0107, 0.0152, -0.1610] (mse: 0.000001)
[-0.0343, 0.0036, 0.1889, -84.4271, 20.5904, -157.6844]   ===>   [0.0655, 0.0620, -0.1683],  actual: [0.0657, 0.0642, -0.1694] (mse: 0.000006)
[0.0226, 0.0026, 0.1839, 28.1646, 3.2597, -161.1196]   ===>   [0.0069, 0.0567, -0.1583],  actual: [0.0074, 0.0561, -0.1601] (mse: 0.000004)
[-0.0018, -0.0415, 0.1946, -60.3181, -7.0846, -172.6738]   ===>   [0.0376, 0.0169, -0.1666],  actual: [0.0382, 0.0168, -0.1669] (mse: 0.000000)
[0.0220, -0.0337, 0.1919, -50.3334, 8.5425, -157.7591]   ===>   [0.0134, 0.0210, -0.1613],  actual: [0.0143, 0.0199, -0.1615] (mse: 0.000002)
[0.0089, -0.0301, 0.1892, 46.9861, 4.8829, -173.7414]   ===>   [0.0251, 0.0260, -0.1637],  actual: [0.0260, 0.0250, -0.1637] (mse: 0.000002)
[0.0219, -0.0151, 0.1865, 38.1649, -12.5574, -172.6778]   ===>   [0.0103, 0.0381, -0.1622],  actual: [0.0110, 0.0376, -0.1630] (mse: 0.000001)
[-0.0122, -0.0150, 0.1789, -68.8783, 13.4861, -157.9191]   ===>   [0.0467, 0.0411, -0.1660],  actual: [0.0472, 0.0417, -0.1660] (mse: 0.000001)
[0.0214, -0.0408, 0.1865, 52.8699, -2.4037, -170.0424]   ===>   [0.0145, 0.0112, -0.1597],  actual: [0.0163, 0.0112, -0.1616] (mse: 0.000007)
[0.0127, -0.0198, 0.1974, 52.4487, 5.3156, -156.2631]   ===>   [0.0208, 0.0356, -0.1639],  actual: [0.0225, 0.0339, -0.1642] (mse: 0.000006)
[0.0233, -0.0400, 0.1892, 62.3016, 10.1393, -176.7137]   ===>   [0.0131, 0.0146, -0.1601],  actual: [0.0131, 0.0133, -0.1606] (mse: 0.000002)
[0.0089, -0.0345, 0.1947, -43.8230, 3.7684, -154.4515]   ===>   [0.0267, 0.0226, -0.1636],  actual: [0.0262, 0.0226, -0.1633] (mse: 0.000000)
[-0.0089, -0.0217, 0.1698, -49.1620, -3.8508, -160.4634]   ===>   [0.0446, 0.0330, -0.1667],  actual: [0.0451, 0.0336, -0.1663] (mse: 0.000001)
[0.0175, -0.0324, 0.1919, -10.9531, -8.0627, -178.8543]   ===>   [0.0178, 0.0239, -0.1626],  actual: [0.0181, 0.0230, -0.1648] (mse: 0.000006)
[0.0015, -0.0406, 0.1919, -60.7516, -8.3652, -171.2196]   ===>   [0.0336, 0.0175, -0.1654],  actual: [0.0344, 0.0169, -0.1668] (mse: 0.000003)
[-0.0193, -0.0373, 0.1891, 18.7877, 3.3467, -163.6098]   ===>   [0.0562, 0.0209, -0.1655],  actual: [0.0568, 0.0208, -0.1668] (mse: 0.000002)
[-0.0294, -0.0428, 0.1892, 55.7399, -2.0652, -163.4876]   ===>   [0.0679, 0.0152, -0.1659],  actual: [0.0688, 0.0158, -0.1674] (mse: 0.000003)
[-0.0234, -0.0435, 0.1892, -26.6296, -7.0226, -154.7080]   ===>   [0.0596, 0.0165, -0.1657],  actual: [0.0602, 0.0159, -0.1670] (mse: 0.000003)
[0.0021, -0.0231, 0.1813, -30.6739, -3.7620, -167.0088]   ===>   [0.0318, 0.0318, -0.1658],  actual: [0.0328, 0.0317, -0.1655] (mse: 0.000001)
[0.0044, -0.0290, 0.1919, -44.3065, 16.0324, -148.2009]   ===>   [0.0318, 0.0288, -0.1658],  actual: [0.0309, 0.0264, -0.1649] (mse: 0.000008)
[-0.0273, -0.0398, 0.1865, -81.8233, 16.7614, -160.7600]   ===>   [0.0658, 0.0201, -0.1661],  actual: [0.0659, 0.0196, -0.1674] (mse: 0.000002)
[-0.0079, -0.0423, 0.1919, -18.3778, -14.6802, -174.3090]   ===>   [0.0439, 0.0170, -0.1665],  actual: [0.0446, 0.0160, -0.1670] (mse: 0.000002)
[-0.0200, -0.0450, 0.1892, -15.4919, -10.8783, -171.9905]   ===>   [0.0562, 0.0150, -0.1661],  actual: [0.0582, 0.0144, -0.1674] (mse: 0.000006)
[-0.0363, -0.0463, 0.2204, 41.8689, 0.0324, -167.5441]   ===>   [0.0689, 0.0167, -0.1689],  actual: [0.0689, 0.0195, -0.1673] (mse: 0.000010)
[0.0083, -0.0265, 0.1838, 38.3244, 11.2331, -151.7074]   ===>   [0.0267, 0.0268, -0.1645],  actual: [0.0290, 0.0255, -0.1644] (mse: 0.000007)
[0.0102, -0.0130, 0.1811, -15.0842, 20.1283, -153.2388]   ===>   [0.0240, 0.0405, -0.1641],  actual: [0.0241, 0.0402, -0.1648] (mse: 0.000001)
[-0.0231, -0.0369, 0.1789, -79.5506, 5.6760, -158.9941]   ===>   [0.0612, 0.0216, -0.1655],  actual: [0.0615, 0.0204, -0.1690] (mse: 0.000014)
[-0.0117, -0.0383, 0.1892, 62.2335, 3.4900, -172.5038]   ===>   [0.0477, 0.0183, -0.1658],  actual: [0.0488, 0.0180, -0.1677] (mse: 0.000005)
[-0.0254, -0.0051, 0.1787, -51.0118, 19.7779, -158.1530]   ===>   [0.0614, 0.0527, -0.1675],  actual: [0.0623, 0.0537, -0.1681] (mse: 0.000002)
[0.0044, -0.0189, 0.1839, -78.1886, -8.9739, -163.3289]   ===>   [0.0278, 0.0372, -0.1649],  actual: [0.0287, 0.0387, -0.1651] (mse: 0.000003)
[0.0148, -0.0274, 0.1919, -61.2608, 12.7522, -152.0330]   ===>   [0.0198, 0.0277, -0.1635],  actual: [0.0197, 0.0278, -0.1630] (mse: 0.000000)
[-0.0123, -0.0169, 0.1742, -65.2699, 14.6714, -159.3636]   ===>   [0.0478, 0.0385, -0.1658],  actual: [0.0488, 0.0393, -0.1662] (mse: 0.000002)
[-0.0145, -0.0116, 0.1742, 2.8839, 18.9507, -148.8517]   ===>   [0.0507, 0.0452, -0.1670],  actual: [0.0520, 0.0449, -0.1673] (mse: 0.000002)
[0.0035, 0.0065, 0.1742, -58.0403, 20.6504, -162.8754]   ===>   [0.0274, 0.0627, -0.1631],  actual: [0.0289, 0.0617, -0.1649] (mse: 0.000006)
[-0.0330, -0.0405, 0.1976, -18.4324, -13.6360, -170.9374]   ===>   [0.0671, 0.0211, -0.1672],  actual: [0.0686, 0.0227, -0.1675] (mse: 0.000004)
[0.0225, -0.0308, 0.1947, -26.3561, 5.2356, -157.3660]   ===>   [0.0130, 0.0242, -0.1618],  actual: [0.0138, 0.0223, -0.1636] (mse: 0.000008)
[0.0089, -0.0444, 0.1976, -73.6479, 11.8569, -150.9948]   ===>   [0.0270, 0.0142, -0.1633],  actual: [0.0278, 0.0136, -0.1638] (mse: 0.000001)
[0.0196, -0.0353, 0.1891, 63.1490, 0.0502, -173.9028]   ===>   [0.0172, 0.0182, -0.1616],  actual: [0.0164, 0.0172, -0.1616] (mse: 0.000002)
[-0.0269, -0.0433, 0.1865, 37.0792, -11.6348, -170.6978]   ===>   [0.0647, 0.0150, -0.1658],  actual: [0.0660, 0.0151, -0.1675] (mse: 0.000005)
[-0.0273, -0.0404, 0.1839, -0.5056, -4.5650, -159.0981]   ===>   [0.0649, 0.0179, -0.1657],  actual: [0.0660, 0.0179, -0.1678] (mse: 0.000005)
[-0.0309, -0.0321, 0.1788, -64.2639, 5.0109, -156.8312]   ===>   [0.0686, 0.0271, -0.1663],  actual: [0.0693, 0.0270, -0.1679] (mse: 0.000003)
[-0.0153, -0.0328, 0.1694, -85.6275, -3.0617, -162.4197]   ===>   [0.0530, 0.0224, -0.1654],  actual: [0.0538, 0.0229, -0.1669] (mse: 0.000003)
[0.0234, -0.0385, 0.1856, 17.5465, -3.2827, -164.1489]   ===>   [0.0119, 0.0134, -0.1595],  actual: [0.0121, 0.0135, -0.1606] (mse: 0.000001)
[0.0047, -0.0194, 0.1836, -17.7141, -5.3040, -164.2517]   ===>   [0.0285, 0.0355, -0.1657],  actual: [0.0284, 0.0360, -0.1650] (mse: 0.000001)
[-0.0315, -0.0223, 0.1814, -8.7456, 14.0374, -156.0429]   ===>   [0.0684, 0.0370, -0.1674],  actual: [0.0699, 0.0373, -0.1687] (mse: 0.000004)
[-0.0096, -0.0386, 0.1919, 86.3298, -4.5993, -160.1515]   ===>   [0.0460, 0.0161, -0.1663],  actual: [0.0490, 0.0169, -0.1680] (mse: 0.000012)
[0.0209, -0.0011, 0.1865, 50.6385, -12.1182, -166.3545]   ===>   [0.0090, 0.0511, -0.1593],  actual: [0.0104, 0.0506, -0.1603] (mse: 0.000003)
[-0.0138, -0.0235, 0.1676, -49.3246, 4.8646, -162.6640]   ===>   [0.0515, 0.0313, -0.1666],  actual: [0.0520, 0.0307, -0.1681] (mse: 0.000003)
[0.0093, -0.0291, 0.1865, 27.3572, 3.2711, -164.6860]   ===>   [0.0250, 0.0255, -0.1636],  actual: [0.0276, 0.0244, -0.1637] (mse: 0.000008)
[0.0068, -0.0203, 0.1814, -32.3732, -5.6292, -164.5790]   ===>   [0.0266, 0.0340, -0.1651],  actual: [0.0272, 0.0341, -0.1650] (mse: 0.000000)
[0.0090, -0.0312, 0.1892, -30.8550, 7.3042, -167.6368]   ===>   [0.0284, 0.0252, -0.1635],  actual: [0.0277, 0.0241, -0.1641] (mse: 0.000002)
[0.0027, -0.0410, 0.1919, -47.5821, 7.4417, -159.7346]   ===>   [0.0344, 0.0154, -0.1647],  actual: [0.0347, 0.0152, -0.1645] (mse: 0.000000)
[0.0246, -0.0390, 0.1865, -35.2790, 14.4896, -155.9338]   ===>   [0.0121, 0.0140, -0.1595],  actual: [0.0119, 0.0136, -0.1606] (mse: 0.000001)
[0.0075, -0.0201, 0.1865, 39.1531, -4.8436, -169.3544]   ===>   [0.0257, 0.0351, -0.1649],  actual: [0.0262, 0.0342, -0.1657] (mse: 0.000002)
[0.0045, -0.0011, 0.1835, 38.4356, -8.0419, -156.2361]   ===>   [0.0250, 0.0530, -0.1630],  actual: [0.0278, 0.0534, -0.1654] (mse: 0.000014)
[-0.0051, -0.0066, 0.1760, 41.8665, -9.0617, -174.7804]   ===>   [0.0364, 0.0499, -0.1650],  actual: [0.0378, 0.0493, -0.1653] (mse: 0.000002)
[-0.0019, -0.0410, 0.1919, 86.3057, -5.4140, -168.9712]   ===>   [0.0390, 0.0138, -0.1648],  actual: [0.0416, 0.0140, -0.1671] (mse: 0.000011)
[0.0226, -0.0289, 0.1947, 2.6517, 3.4398, -161.6951]   ===>   [0.0130, 0.0256, -0.1615],  actual: [0.0138, 0.0244, -0.1625] (mse: 0.000003)
[-0.0139, -0.0412, 0.1919, 70.0322, -7.7313, -174.2861]   ===>   [0.0504, 0.0166, -0.1669],  actual: [0.0518, 0.0156, -0.1673] (mse: 0.000003)
[-0.0108, -0.0166, 0.1865, -49.4285, 13.2748, -156.5621]   ===>   [0.0443, 0.0394, -0.1665],  actual: [0.0456, 0.0397, -0.1671] (mse: 0.000002)
[0.0254, -0.0367, 0.1812, -19.9660, 8.6486, -164.5799]   ===>   [0.0106, 0.0146, -0.1594],  actual: [0.0103, 0.0148, -0.1603] (mse: 0.000001)
[-0.0079, -0.0284, 0.1813, -13.5042, 18.8901, -155.5131]   ===>   [0.0460, 0.0273, -0.1661],  actual: [0.0465, 0.0271, -0.1661] (mse: 0.000000)
[-0.0308, -0.0207, 0.1839, 6.1943, 13.8626, -153.9275]   ===>   [0.0671, 0.0392, -0.1671],  actual: [0.0683, 0.0389, -0.1687] (mse: 0.000004)
[0.0218, -0.0134, 0.1865, 43.7649, -6.5155, -172.7646]   ===>   [0.0094, 0.0396, -0.1616],  actual: [0.0104, 0.0394, -0.1627] (mse: 0.000002)
[0.0200, -0.0346, 0.1947, -74.6726, 21.0524, -151.4071]   ===>   [0.0163, 0.0206, -0.1624],  actual: [0.0155, 0.0204, -0.1644] (mse: 0.000005)
[0.0128, -0.0179, 0.1947, 73.9108, 0.4050, -177.4272]   ===>   [0.0202, 0.0383, -0.1639],  actual: [0.0209, 0.0368, -0.1631] (mse: 0.000004)
[-0.0107, -0.0385, 0.1813, 12.6952, -2.8414, -172.7312]   ===>   [0.0484, 0.0175, -0.1650],  actual: [0.0482, 0.0170, -0.1670] (mse: 0.000004)
[0.0132, 0.0104, 0.1785, -4.9865, -8.3869, 178.6935]   ===>   [0.0156, 0.0617, -0.1602],  actual: [0.0167, 0.0682, -0.1612] (mse: 0.000045)
[-0.0041, -0.0235, 0.1789, -3.3364, 1.4691, -160.2121]   ===>   [0.0393, 0.0312, -0.1656],  actual: [0.0396, 0.0314, -0.1656] (mse: 0.000000)
[0.0111, -0.0308, 0.1836, -58.6219, -1.6717, -173.0826]   ===>   [0.0247, 0.0238, -0.1643],  actual: [0.0252, 0.0236, -0.1634] (mse: 0.000001)
[-0.0302, -0.0419, 0.1865, -46.5054, 11.2001, -146.3151]   ===>   [0.0676, 0.0178, -0.1658],  actual: [0.0684, 0.0173, -0.1671] (mse: 0.000003)
[-0.0071, -0.0200, 0.1787, 41.0886, -4.7005, -175.0397]   ===>   [0.0403, 0.0354, -0.1661],  actual: [0.0413, 0.0354, -0.1669] (mse: 0.000002)
[0.0234, -0.0393, 0.1892, -79.8525, 0.7784, -169.4518]   ===>   [0.0132, 0.0159, -0.1600],  actual: [0.0135, 0.0152, -0.1609] (mse: 0.000001)
[0.0162, -0.0277, 0.1765, 7.4398, 12.1002, -164.5249]   ===>   [0.0180, 0.0238, -0.1614],  actual: [0.0209, 0.0238, -0.1628] (mse: 0.000010)
[0.0012, -0.0392, 0.1976, 42.8409, -6.2204, -159.8174]   ===>   [0.0331, 0.0162, -0.1645],  actual: [0.0356, 0.0163, -0.1670] (mse: 0.000012)
[0.0069, -0.0203, 0.1839, 75.7818, -8.9407, -179.3403]   ===>   [0.0265, 0.0345, -0.1649],  actual: [0.0276, 0.0332, -0.1658] (mse: 0.000004)
[0.0178, 0.0086, 0.1864, -2.5408, -11.3947, -161.1166]   ===>   [0.0088, 0.0630, -0.1587],  actual: [0.0115, 0.0630, -0.1598] (mse: 0.000009)
[-0.0293, -0.0382, 0.1789, -29.7824, -2.2273, -164.5024]   ===>   [0.0677, 0.0204, -0.1656],  actual: [0.0693, 0.0205, -0.1676] (mse: 0.000007)
[-0.0182, -0.0266, 0.1697, 36.7333, -7.7275, -160.4444]   ===>   [0.0552, 0.0271, -0.1662],  actual: [0.0584, 0.0275, -0.1668] (mse: 0.000011)
[0.0045, -0.0063, 0.1814, 1.5472, -12.9695, -159.9259]   ===>   [0.0257, 0.0492, -0.1636],  actual: [0.0276, 0.0492, -0.1637] (mse: 0.000004)
[-0.0056, -0.0271, 0.1865, -71.7090, 5.4053, -156.1170]   ===>   [0.0401, 0.0312, -0.1662],  actual: [0.0405, 0.0300, -0.1658] (mse: 0.000002)
[-0.0145, -0.0402, 0.1892, -47.9146, 6.7448, -158.8227]   ===>   [0.0516, 0.0189, -0.1663],  actual: [0.0522, 0.0176, -0.1677] (mse: 0.000004)
[0.0081, -0.0303, 0.1892, 56.0336, -1.5250, -174.9148]   ===>   [0.0267, 0.0248, -0.1636],  actual: [0.0275, 0.0244, -0.1641] (mse: 0.000001)
[-0.0001, -0.0244, 0.1839, 31.0432, 2.0480, -172.6772]   ===>   [0.0326, 0.0315, -0.1656],  actual: [0.0338, 0.0315, -0.1659] (mse: 0.000001)
[-0.0062, -0.0223, 0.1765, -26.5232, -7.4863, -163.0697]   ===>   [0.0413, 0.0330, -0.1664],  actual: [0.0405, 0.0341, -0.1669] (mse: 0.000002)
[0.0221, -0.0281, 0.1892, -60.2631, 21.4589, -161.3110]   ===>   [0.0134, 0.0253, -0.1611],  actual: [0.0139, 0.0248, -0.1632] (mse: 0.000005)
[0.0115, -0.0103, 0.1864, -39.9309, 0.1509, -163.7694]   ===>   [0.0191, 0.0454, -0.1636],  actual: [0.0212, 0.0441, -0.1644] (mse: 0.000006)
[-0.0298, -0.0424, 0.1838, -36.7567, -5.5914, -168.7223]   ===>   [0.0679, 0.0171, -0.1655],  actual: [0.0691, 0.0176, -0.1672] (mse: 0.000005)
[-0.0066, -0.0185, 0.1839, -6.8550, -0.8814, -156.5130]   ===>   [0.0409, 0.0363, -0.1666],  actual: [0.0420, 0.0370, -0.1668] (mse: 0.000002)
[0.0147, 0.0077, 0.1856, -46.4011, 18.7578, -153.0666]   ===>   [0.0141, 0.0629, -0.1591],  actual: [0.0163, 0.0602, -0.1613] (mse: 0.000017)
[0.0206, -0.0375, 0.1946, -43.3402, 3.2249, -158.1048]   ===>   [0.0149, 0.0177, -0.1627],  actual: [0.0152, 0.0172, -0.1642] (mse: 0.000003)
[0.0118, -0.0307, 0.1891, 89.5771, 9.3450, -172.6816]   ===>   [0.0222, 0.0240, -0.1633],  actual: [0.0242, 0.0226, -0.1635] (mse: 0.000006)
[-0.0078, -0.0288, 0.1865, -9.2966, 3.2582, -153.4126]   ===>   [0.0428, 0.0285, -0.1657],  actual: [0.0433, 0.0273, -0.1662] (mse: 0.000002)
[0.0250, -0.0375, 0.1839, -57.8236, 10.8493, -160.3550]   ===>   [0.0107, 0.0151, -0.1590],  actual: [0.0106, 0.0155, -0.1607] (mse: 0.000003)
[0.0126, 0.0036, 0.1813, 17.0109, -10.8144, -170.2074]   ===>   [0.0152, 0.0591, -0.1597],  actual: [0.0164, 0.0593, -0.1608] (mse: 0.000003)
[-0.0151, -0.0169, 0.1742, -3.4283, -5.7017, -157.1908]   ===>   [0.0519, 0.0380, -0.1669],  actual: [0.0501, 0.0392, -0.1673] (mse: 0.000005)
[-0.0014, -0.0413, 0.1919, -47.8349, 6.4565, -160.3645]   ===>   [0.0379, 0.0160, -0.1653],  actual: [0.0387, 0.0158, -0.1653] (mse: 0.000001)
[-0.0083, -0.0271, 0.1865, -34.8397, 4.0243, -155.0936]   ===>   [0.0432, 0.0301, -0.1666],  actual: [0.0439, 0.0285, -0.1675] (mse: 0.000004)
[0.0208, -0.0345, 0.1918, -4.6608, -4.6713, -164.5029]   ===>   [0.0144, 0.0195, -0.1619],  actual: [0.0149, 0.0189, -0.1641] (mse: 0.000005)
[0.0049, -0.0099, 0.1765, -62.2739, 24.5240, -167.9239]   ===>   [0.0309, 0.0452, -0.1645],  actual: [0.0303, 0.0446, -0.1654] (mse: 0.000001)
[-0.0312, 0.0090, 0.1912, 77.4870, 22.0192, -168.2796]   ===>   [0.0637, 0.0727, -0.1663],  actual: [0.0633, 0.0728, -0.1667] (mse: 0.000000)
[0.0231, -0.0366, 0.1814, -78.5812, 5.5350, -158.6431]   ===>   [0.0118, 0.0158, -0.1599],  actual: [0.0121, 0.0166, -0.1605] (mse: 0.000001)
[-0.0022, -0.0233, 0.1838, 75.0704, -4.4718, -167.1180]   ===>   [0.0371, 0.0302, -0.1657],  actual: [0.0390, 0.0304, -0.1659] (mse: 0.000004)
[-0.0254, -0.0426, 0.1814, -77.8589, -1.5412, -165.0980]   ===>   [0.0646, 0.0172, -0.1656],  actual: [0.0644, 0.0162, -0.1679] (mse: 0.000006)
[0.0036, -0.0419, 0.1892, -40.8824, -12.7726, -178.1202]   ===>   [0.0320, 0.0159, -0.1649],  actual: [0.0334, 0.0152, -0.1651] (mse: 0.000003)
[-0.0049, 0.0026, 0.1789, -60.0950, 23.6423, -165.3585]   ===>   [0.0375, 0.0588, -0.1650],  actual: [0.0394, 0.0584, -0.1655] (mse: 0.000004)
[0.0147, 0.0042, 0.1813, 41.6047, 0.9783, -156.3677]   ===>   [0.0142, 0.0576, -0.1603],  actual: [0.0163, 0.0569, -0.1618] (mse: 0.000007)
[0.0066, -0.0164, 0.1838, -0.2036, -10.8446, -153.7433]   ===>   [0.0253, 0.0378, -0.1648],  actual: [0.0271, 0.0368, -0.1653] (mse: 0.000004)
[0.0081, -0.0188, 0.1892, 77.1279, -8.4790, -169.5238]   ===>   [0.0264, 0.0343, -0.1649],  actual: [0.0269, 0.0338, -0.1651] (mse: 0.000001)
[-0.0024, 0.0035, 0.1742, -59.3966, 25.4225, -167.2948]   ===>   [0.0357, 0.0595, -0.1646],  actual: [0.0373, 0.0592, -0.1649] (mse: 0.000002)
[-0.0055, -0.0412, 0.1976, 27.2400, 18.1682, -154.3222]   ===>   [0.0435, 0.0152, -0.1659],  actual: [0.0444, 0.0160, -0.1668] (mse: 0.000002)
[-0.0115, -0.0228, 0.1813, -34.9745, 9.6299, -158.2395]   ===>   [0.0470, 0.0340, -0.1665],  actual: [0.0475, 0.0333, -0.1675] (mse: 0.000002)
[0.0207, -0.0087, 0.1843, -10.5998, 0.4397, -164.6692]   ===>   [0.0101, 0.0454, -0.1603],  actual: [0.0107, 0.0460, -0.1617] (mse: 0.000003)
[-0.0310, -0.0392, 0.1838, -48.6642, 5.2579, -158.9924]   ===>   [0.0690, 0.0198, -0.1671],  actual: [0.0697, 0.0202, -0.1704] (mse: 0.000011)
[-0.0065, -0.0189, 0.1718, -31.9965, -13.7851, -167.4630]   ===>   [0.0415, 0.0363, -0.1668],  actual: [0.0414, 0.0369, -0.1658] (mse: 0.000002)
[0.0169, -0.0118, 0.2001, -36.1767, 5.1752, -167.8134]   ===>   [0.0139, 0.0425, -0.1628],  actual: [0.0173, 0.0423, -0.1642] (mse: 0.000014)
[0.0158, 0.0121, 0.1814, -7.8575, -4.8468, -165.8288]   ===>   [0.0114, 0.0680, -0.1583],  actual: [0.0131, 0.0682, -0.1596] (mse: 0.000005)
[-0.0026, -0.0215, 0.1919, 56.4149, -6.8267, -166.7855]   ===>   [0.0360, 0.0334, -0.1656],  actual: [0.0385, 0.0338, -0.1663] (mse: 0.000007)
[0.0187, -0.0225, 0.1892, 69.4200, -3.9506, -173.6844]   ===>   [0.0147, 0.0304, -0.1625],  actual: [0.0160, 0.0303, -0.1634] (mse: 0.000003)
[0.0206, -0.0164, 0.1865, 37.6228, -16.3098, -171.7360]   ===>   [0.0118, 0.0366, -0.1628],  actual: [0.0118, 0.0359, -0.1631] (mse: 0.000001)
[0.0216, -0.0029, 0.1892, -24.1277, -14.1569, -173.7904]   ===>   [0.0083, 0.0528, -0.1594],  actual: [0.0101, 0.0524, -0.1599] (mse: 0.000004)
[0.0097, -0.0322, 0.1919, -58.6503, -5.5526, -165.3545]   ===>   [0.0244, 0.0252, -0.1638],  actual: [0.0257, 0.0242, -0.1637] (mse: 0.000003)
[0.0152, -0.0389, 0.1892, -68.3833, 20.6427, -153.0475]   ===>   [0.0212, 0.0167, -0.1616],  actual: [0.0218, 0.0160, -0.1622] (mse: 0.000001)
[-0.0041, -0.0244, 0.1740, 29.4504, -2.9169, -161.1303]   ===>   [0.0399, 0.0283, -0.1658],  actual: [0.0407, 0.0283, -0.1662] (mse: 0.000001)
[-0.0056, -0.0048, 0.1814, -9.5765, 1.3938, -150.6858]   ===>   [0.0376, 0.0513, -0.1654],  actual: [0.0393, 0.0503, -0.1655] (mse: 0.000004)
[0.0237, -0.0379, 0.1839, -57.3816, 6.1390, -165.0686]   ===>   [0.0122, 0.0147, -0.1595],  actual: [0.0123, 0.0158, -0.1606] (mse: 0.000002)
[0.0150, -0.0356, 0.1976, -73.7622, 4.8761, -166.8717]   ===>   [0.0212, 0.0216, -0.1629],  actual: [0.0219, 0.0209, -0.1632] (mse: 0.000001)
[-0.0202, -0.0331, 0.1765, -18.5003, 13.7347, -161.1676]   ===>   [0.0609, 0.0233, -0.1663],  actual: [0.0600, 0.0232, -0.1691] (mse: 0.000009)
[-0.0286, 0.0076, 0.1892, -82.3169, 26.1934, 179.4709]   ===>   [0.0603, 0.0617, -0.1692],  actual: [0.0638, 0.0668, -0.1676] (mse: 0.000040)
[-0.0286, -0.0415, 0.1864, 62.0216, -6.8996, -178.1671]   ===>   [0.0664, 0.0169, -0.1660],  actual: [0.0675, 0.0169, -0.1700] (mse: 0.000017)
[0.0188, 0.0085, 0.1742, 18.6136, -6.3746, -174.0399]   ===>   [0.0085, 0.0636, -0.1581],  actual: [0.0098, 0.0644, -0.1594] (mse: 0.000004)
[-0.0236, -0.0398, 0.1839, 20.0029, 7.4666, -162.2120]   ===>   [0.0628, 0.0178, -0.1655],  actual: [0.0628, 0.0178, -0.1672] (mse: 0.000003)
[0.0066, -0.0010, 0.1814, 15.5314, -16.0919, -165.8359]   ===>   [0.0234, 0.0543, -0.1623],  actual: [0.0231, 0.0544, -0.1620] (mse: 0.000000)
[0.0060, -0.0218, 0.1942, -33.8028, 7.0843, -158.3100]   ===>   [0.0276, 0.0346, -0.1645],  actual: [0.0276, 0.0342, -0.1650] (mse: 0.000000)
[0.0141, -0.0263, 0.1892, 76.0478, -12.1836, -175.9440]   ===>   [0.0205, 0.0265, -0.1629],  actual: [0.0216, 0.0261, -0.1648] (mse: 0.000005)
[0.0201, -0.0385, 0.1919, -44.4396, -2.4045, -158.7974]   ===>   [0.0151, 0.0157, -0.1619],  actual: [0.0161, 0.0162, -0.1614] (mse: 0.000001)
[0.0233, -0.0395, 0.1919, -49.5833, 19.4693, -164.9876]   ===>   [0.0148, 0.0156, -0.1604],  actual: [0.0150, 0.0143, -0.1615] (mse: 0.000003)
[-0.0126, -0.0438, 0.1919, -25.7040, -12.5683, -168.1809]   ===>   [0.0483, 0.0156, -0.1670],  actual: [0.0482, 0.0162, -0.1671] (mse: 0.000000)
[-0.0128, -0.0153, 0.1864, -45.6581, 13.3101, -149.8731]   ===>   [0.0459, 0.0406, -0.1665],  actual: [0.0473, 0.0414, -0.1659] (mse: 0.000003)
[-0.0122, -0.0167, 0.1676, -46.1173, 12.1396, -154.0701]   ===>   [0.0489, 0.0393, -0.1657],  actual: [0.0488, 0.0396, -0.1660] (mse: 0.000000)
[0.0172, -0.0367, 0.1919, -62.6226, 3.0122, -168.4424]   ===>   [0.0187, 0.0185, -0.1622],  actual: [0.0198, 0.0183, -0.1621] (mse: 0.000001)
[-0.0098, 0.0026, 0.1864, -1.8823, -8.1715, -161.9839]   ===>   [0.0391, 0.0615, -0.1644],  actual: [0.0398, 0.0614, -0.1660] (mse: 0.000003)
[-0.0307, -0.0447, 0.1839, 74.2738, 4.9116, 173.9180]   ===>   [0.0695, 0.0138, -0.1660],  actual: [0.0684, 0.0141, -0.1670] (mse: 0.000002)
[0.0094, -0.0274, 0.1865, -54.4099, -6.6943, -159.5631]   ===>   [0.0242, 0.0283, -0.1643],  actual: [0.0246, 0.0283, -0.1639] (mse: 0.000000)
[-0.0241, -0.0285, 0.1892, -35.1280, 8.8469, -158.2687]   ===>   [0.0593, 0.0307, -0.1663],  actual: [0.0601, 0.0309, -0.1687] (mse: 0.000006)
[-0.0324, -0.0209, 0.1836, -54.8437, 2.7802, -155.4618]   ===>   [0.0685, 0.0378, -0.1674],  actual: [0.0689, 0.0394, -0.1688] (mse: 0.000005)
[-0.0182, -0.0320, 0.1839, 6.3227, 19.5242, -152.2962]   ===>   [0.0578, 0.0250, -0.1661],  actual: [0.0575, 0.0253, -0.1670] (mse: 0.000001)
[0.0186, -0.0347, 0.1865, -74.6424, 3.6650, -176.4713]   ===>   [0.0181, 0.0193, -0.1616],  actual: [0.0184, 0.0192, -0.1620] (mse: 0.000000)
[-0.0261, -0.0393, 0.1838, -48.5229, 5.3426, -158.4107]   ===>   [0.0640, 0.0195, -0.1666],  actual: [0.0640, 0.0196, -0.1695] (mse: 0.000009)
[0.0079, -0.0108, 0.1865, 80.3166, -6.6652, -161.9435]   ===>   [0.0260, 0.0414, -0.1646],  actual: [0.0280, 0.0422, -0.1653] (mse: 0.000005)
[0.0026, -0.0081, 0.1718, -38.2719, -9.4477, -165.8445]   ===>   [0.0307, 0.0480, -0.1645],  actual: [0.0298, 0.0477, -0.1637] (mse: 0.000001)
[0.0191, 0.0126, 0.1814, -5.9164, -0.4660, -167.1023]   ===>   [0.0081, 0.0682, -0.1580],  actual: [0.0106, 0.0679, -0.1594] (mse: 0.000008)
[0.0093, -0.0237, 0.1813, -46.4701, -2.0631, -171.9307]   ===>   [0.0255, 0.0305, -0.1645],  actual: [0.0255, 0.0305, -0.1649] (mse: 0.000000)
[0.0198, -0.0449, 0.2031, 32.5157, 7.1934, -167.9275]   ===>   [0.0184, 0.0121, -0.1619],  actual: [0.0182, 0.0116, -0.1621] (mse: 0.000000)
[-0.0287, -0.0478, 0.1974, -57.3836, 2.5167, -168.3986]   ===>   [0.0660, 0.0153, -0.1653],  actual: [0.0664, 0.0148, -0.1672] (mse: 0.000004)
[-0.0307, -0.0286, 0.1864, -63.9155, 20.5175, -162.8097]   ===>   [0.0684, 0.0318, -0.1673],  actual: [0.0693, 0.0310, -0.1682] (mse: 0.000002)
[0.0155, -0.0405, 0.1892, 60.5161, 3.2545, -168.2953]   ===>   [0.0216, 0.0132, -0.1619],  actual: [0.0225, 0.0129, -0.1625] (mse: 0.000002)
[-0.0294, 0.0102, 0.1838, -54.8959, 24.3768, -157.0891]   ===>   [0.0619, 0.0693, -0.1664],  actual: [0.0634, 0.0699, -0.1681] (mse: 0.000006)
[0.0189, -0.0294, 0.1890, -5.6813, 2.9982, -170.4953]   ===>   [0.0169, 0.0253, -0.1630],  actual: [0.0171, 0.0238, -0.1646] (mse: 0.000005)
[-0.0078, -0.0394, 0.1865, -47.1903, 8.9806, -163.9118]   ===>   [0.0457, 0.0183, -0.1663],  actual: [0.0463, 0.0173, -0.1666] (mse: 0.000001)
[-0.0290, -0.0352, 0.1698, -74.7846, -8.9369, -156.0878]   ===>   [0.0663, 0.0215, -0.1661],  actual: [0.0683, 0.0237, -0.1680] (mse: 0.000012)
[0.0193, -0.0006, 0.1865, -23.8253, -7.7039, -156.7797]   ===>   [0.0094, 0.0540, -0.1592],  actual: [0.0103, 0.0544, -0.1599] (mse: 0.000001)
[0.0145, -0.0418, 0.1947, -47.4076, 7.8402, -160.0739]   ===>   [0.0229, 0.0145, -0.1621],  actual: [0.0232, 0.0136, -0.1624] (mse: 0.000001)
[0.0235, -0.0383, 0.1789, -23.1267, 16.3926, -158.9820]   ===>   [0.0117, 0.0127, -0.1593],  actual: [0.0134, 0.0119, -0.1611] (mse: 0.000007)
[0.0107, -0.0316, 0.1946, 10.4985, 0.3070, -165.2441]   ===>   [0.0232, 0.0247, -0.1633],  actual: [0.0253, 0.0237, -0.1640] (mse: 0.000006)
[0.0154, -0.0358, 0.1919, 55.9294, 1.9547, -176.4702]   ===>   [0.0206, 0.0195, -0.1623],  actual: [0.0209, 0.0191, -0.1627] (mse: 0.000000)
[-0.0298, -0.0164, 0.1917, -48.1784, 17.8643, -165.8306]   ===>   [0.0658, 0.0436, -0.1674],  actual: [0.0665, 0.0441, -0.1691] (mse: 0.000003)
[0.0216, -0.0111, 0.1839, 38.1532, -13.2410, -172.5582]   ===>   [0.0097, 0.0410, -0.1617],  actual: [0.0105, 0.0415, -0.1623] (mse: 0.000001)
[0.0190, -0.0285, 0.1919, 47.7501, 0.8443, -159.8001]   ===>   [0.0163, 0.0245, -0.1629],  actual: [0.0170, 0.0239, -0.1624] (mse: 0.000001)
[-0.0215, -0.0328, 0.1814, -13.9121, -5.8122, -166.1673]   ===>   [0.0590, 0.0253, -0.1658],  actual: [0.0595, 0.0242, -0.1690] (mse: 0.000012)
[0.0142, -0.0116, 0.1814, 86.4528, 11.6388, -175.5857]   ===>   [0.0185, 0.0417, -0.1643],  actual: [0.0180, 0.0420, -0.1641] (mse: 0.000000)
[0.0155, -0.0417, 0.1947, -27.6309, 16.7567, -164.5516]   ===>   [0.0228, 0.0141, -0.1615],  actual: [0.0235, 0.0137, -0.1624] (mse: 0.000002)
[0.0093, -0.0299, 0.1919, -8.9361, 10.5521, -154.5781]   ===>   [0.0271, 0.0264, -0.1647],  actual: [0.0275, 0.0246, -0.1637] (mse: 0.000004)
[-0.0260, -0.0433, 0.1839, -44.5690, -4.2871, -160.5735]   ===>   [0.0642, 0.0161, -0.1656],  actual: [0.0640, 0.0166, -0.1681] (mse: 0.000006)
[-0.0027, -0.0129, 0.1717, 52.6847, -3.3734, -176.6983]   ===>   [0.0352, 0.0410, -0.1651],  actual: [0.0359, 0.0414, -0.1654] (mse: 0.000001)
[0.0073, -0.0410, 0.1919, 8.9502, 10.4002, -162.8972]   ===>   [0.0303, 0.0147, -0.1642],  actual: [0.0306, 0.0139, -0.1653] (mse: 0.000002)
[0.0136, -0.0419, 0.1947, -45.9910, 5.1277, -173.5316]   ===>   [0.0245, 0.0153, -0.1623],  actual: [0.0252, 0.0140, -0.1629] (mse: 0.000003)
[0.0104, -0.0163, 0.1839, 8.2486, 13.3927, -148.0145]   ===>   [0.0254, 0.0366, -0.1650],  actual: [0.0244, 0.0364, -0.1646] (mse: 0.000001)
[0.0228, -0.0393, 0.1865, -80.9558, 7.1322, -160.6110]   ===>   [0.0130, 0.0145, -0.1597],  actual: [0.0134, 0.0154, -0.1609] (mse: 0.000003)
[0.0084, -0.0173, 0.1892, 42.2851, -4.6011, -176.0527]   ===>   [0.0234, 0.0371, -0.1642],  actual: [0.0249, 0.0381, -0.1644] (mse: 0.000003)
[-0.0130, 0.0112, 0.1974, -77.2250, 22.2320, -177.7398]   ===>   [0.0457, 0.0682, -0.1647],  actual: [0.0462, 0.0682, -0.1669] (mse: 0.000005)
[-0.0178, -0.0023, 0.1789, -53.3240, 26.3338, -160.6559]   ===>   [0.0534, 0.0554, -0.1666],  actual: [0.0542, 0.0553, -0.1673] (mse: 0.000001)
[-0.0309, -0.0428, 0.1839, -46.6499, 10.8478, -144.8585]   ===>   [0.0688, 0.0167, -0.1655],  actual: [0.0697, 0.0159, -0.1672] (mse: 0.000004)
[0.0221, 0.0130, 0.1839, 38.2292, -14.7376, -172.7631]   ===>   [0.0052, 0.0667, -0.1576],  actual: [0.0067, 0.0666, -0.1585] (mse: 0.000003)
[0.0119, -0.0405, 0.1892, 9.1047, 12.7690, -163.9706]   ===>   [0.0256, 0.0140, -0.1630],  actual: [0.0263, 0.0134, -0.1642] (mse: 0.000002)
[0.0160, 0.0095, 0.1808, -4.6562, -6.3024, -157.5654]   ===>   [0.0115, 0.0647, -0.1583],  actual: [0.0126, 0.0648, -0.1633] (mse: 0.000027)
[0.0213, -0.0256, 0.1864, -1.5860, 10.8947, -156.8812]   ===>   [0.0133, 0.0272, -0.1616],  actual: [0.0135, 0.0264, -0.1629] (mse: 0.000002)
[-0.0217, -0.0355, 0.1814, -2.2196, 10.0202, -163.2786]   ===>   [0.0611, 0.0217, -0.1665],  actual: [0.0612, 0.0224, -0.1671] (mse: 0.000001)
[0.0246, -0.0214, 0.1864, -20.2178, 9.9476, -162.2901]   ===>   [0.0093, 0.0314, -0.1611],  actual: [0.0104, 0.0303, -0.1621] (mse: 0.000003)
[0.0022, -0.0333, 0.1919, -70.6679, 6.5544, -164.4843]   ===>   [0.0348, 0.0230, -0.1649],  actual: [0.0343, 0.0232, -0.1649] (mse: 0.000000)
[0.0152, -0.0283, 0.1947, -64.8125, 4.2656, -168.0090]   ===>   [0.0198, 0.0282, -0.1633],  actual: [0.0202, 0.0270, -0.1648] (mse: 0.000004)
[0.0189, 0.0158, 0.1718, 41.5421, -5.0947, -156.8389]   ===>   [0.0083, 0.0690, -0.1578],  actual: [0.0090, 0.0692, -0.1589] (mse: 0.000002)
[0.0248, 0.0141, 0.2133, 51.3031, -7.4096, -169.5726]   ===>   [0.0041, 0.0663, -0.1572],  actual: [0.0070, 0.0656, -0.1587] (mse: 0.000011)
[-0.0273, -0.0375, 0.1814, -55.4006, 11.1062, -169.9669]   ===>   [0.0676, 0.0210, -0.1666],  actual: [0.0686, 0.0213, -0.1678] (mse: 0.000003)
[-0.0075, -0.0050, 0.1696, -72.3091, 13.6209, -155.7219]   ===>   [0.0395, 0.0512, -0.1652],  actual: [0.0411, 0.0514, -0.1660] (mse: 0.000003)
[-0.0121, -0.0155, 0.1789, 47.3995, -7.8844, -164.1074]   ===>   [0.0467, 0.0386, -0.1667],  actual: [0.0467, 0.0395, -0.1675] (mse: 0.000001)
[-0.0338, -0.0030, 0.1860, -43.0673, 12.5107, -161.5036]   ===>   [0.0669, 0.0564, -0.1686],  actual: [0.0690, 0.0576, -0.1694] (mse: 0.000007)
[-0.0058, -0.0051, 0.1788, -54.1303, 17.8765, -155.6206]   ===>   [0.0381, 0.0506, -0.1655],  actual: [0.0398, 0.0503, -0.1659] (mse: 0.000003)
[-0.0302, -0.0317, 0.1838, 77.7691, -8.4084, -177.6782]   ===>   [0.0651, 0.0263, -0.1667],  actual: [0.0684, 0.0263, -0.1683] (mse: 0.000013)
[-0.0005, -0.0123, 0.1762, 75.3132, 3.4313, -179.6045]   ===>   [0.0330, 0.0433, -0.1647],  actual: [0.0331, 0.0428, -0.1655] (mse: 0.000001)
[-0.0015, -0.0243, 0.1864, 74.5024, 7.2803, 174.5994]   ===>   [0.0344, 0.0326, -0.1656],  actual: [0.0356, 0.0325, -0.1653] (mse: 0.000001)
[0.0222, -0.0397, 0.1919, 48.1667, 5.3341, -166.4036]   ===>   [0.0149, 0.0141, -0.1603],  actual: [0.0151, 0.0134, -0.1609] (mse: 0.000001)
[0.0192, -0.0289, 0.1919, 37.0384, -9.0554, -167.7005]   ===>   [0.0156, 0.0242, -0.1627],  actual: [0.0171, 0.0244, -0.1624] (mse: 0.000003)
[-0.0270, -0.0404, 0.1737, 39.9772, -1.2236, -178.9692]   ===>   [0.0669, 0.0161, -0.1650],  actual: [0.0657, 0.0161, -0.1677] (mse: 0.000008)
[-0.0295, 0.0113, 0.1889, -20.8309, 20.6741, -154.4030]   ===>   [0.0621, 0.0708, -0.1656],  actual: [0.0632, 0.0720, -0.1672] (mse: 0.000005)
[-0.0131, -0.0421, 0.1892, -71.3715, 8.4327, -169.4331]   ===>   [0.0518, 0.0164, -0.1663],  actual: [0.0521, 0.0160, -0.1672] (mse: 0.000001)
[0.0230, -0.0346, 0.1945, -8.5119, 3.1513, -170.3760]   ===>   [0.0132, 0.0207, -0.1610],  actual: [0.0149, 0.0193, -0.1616] (mse: 0.000005)
[0.0153, -0.0211, 0.1892, -18.9546, 15.4354, -153.2593]   ===>   [0.0199, 0.0330, -0.1633],  actual: [0.0208, 0.0318, -0.1634] (mse: 0.000002)
[-0.0026, -0.0101, 0.1789, 53.5528, -1.4726, -162.7173]   ===>   [0.0354, 0.0437, -0.1645],  actual: [0.0363, 0.0439, -0.1641] (mse: 0.000001)
[-0.0180, -0.0369, 0.1839, -41.1006, -8.6804, -168.0301]   ===>   [0.0552, 0.0211, -0.1659],  actual: [0.0556, 0.0213, -0.1671] (mse: 0.000002)
[-0.0166, -0.0395, 0.1839, -86.2650, 0.4274, -166.2260]   ===>   [0.0541, 0.0186, -0.1663],  actual: [0.0540, 0.0187, -0.1681] (mse: 0.000003)
[0.0202, -0.0253, 0.1865, 69.4466, -4.6374, -173.5269]   ===>   [0.0142, 0.0268, -0.1620],  actual: [0.0147, 0.0267, -0.1628] (mse: 0.000001)
[-0.0189, -0.0400, 0.1814, 0.1727, 13.2090, -166.0585]   ===>   [0.0604, 0.0171, -0.1658],  actual: [0.0585, 0.0169, -0.1684] (mse: 0.000011)
[-0.0168, -0.0377, 0.1839, 32.5170, 10.2962, -156.7019]   ===>   [0.0565, 0.0179, -0.1661],  actual: [0.0560, 0.0178, -0.1681] (mse: 0.000004)
[-0.0195, -0.0312, 0.1863, -58.2260, 11.9908, -167.5071]   ===>   [0.0574, 0.0270, -0.1663],  actual: [0.0582, 0.0281, -0.1667] (mse: 0.000002)
[-0.0206, -0.0432, 0.1789, -41.9278, 7.5086, -167.4520]   ===>   [0.0613, 0.0157, -0.1657],  actual: [0.0618, 0.0140, -0.1673] (mse: 0.000006)
[0.0143, -0.0294, 0.1839, 15.2428, 18.6586, -152.1043]   ===>   [0.0215, 0.0240, -0.1630],  actual: [0.0233, 0.0229, -0.1632] (mse: 0.000005)
[0.0061, -0.0302, 0.1919, -65.7062, 2.4140, -157.4127]   ===>   [0.0294, 0.0268, -0.1646],  actual: [0.0289, 0.0261, -0.1641] (mse: 0.000001)
[-0.0058, -0.0189, 0.1839, -82.4950, 23.3530, -166.5888]   ===>   [0.0411, 0.0368, -0.1667],  actual: [0.0424, 0.0378, -0.1666] (mse: 0.000002)
[-0.0305, -0.0075, 0.1889, -55.9342, 17.6503, -168.3020]   ===>   [0.0653, 0.0519, -0.1679],  actual: [0.0666, 0.0526, -0.1689] (mse: 0.000003)
[0.0135, -0.0411, 0.1919, 8.2752, 6.4721, -172.5859]   ===>   [0.0242, 0.0143, -0.1625],  actual: [0.0254, 0.0137, -0.1629] (mse: 0.000002)
[0.0192, -0.0364, 0.1892, 14.8511, -15.1978, -173.6816]   ===>   [0.0151, 0.0175, -0.1614],  actual: [0.0165, 0.0177, -0.1616] (mse: 0.000002)
[0.0030, -0.0427, 0.1947, 75.3806, 5.0901, -176.3261]   ===>   [0.0334, 0.0137, -0.1639],  actual: [0.0343, 0.0134, -0.1663] (mse: 0.000006)
[0.0261, -0.0348, 0.1919, -83.5573, 4.0864, -174.0199]   ===>   [0.0104, 0.0205, -0.1603],  actual: [0.0109, 0.0194, -0.1614] (mse: 0.000003)
[0.0224, -0.0041, 0.1839, 38.4834, -12.3691, -172.3354]   ===>   [0.0073, 0.0491, -0.1596],  actual: [0.0091, 0.0490, -0.1612] (mse: 0.000006)
[0.0012, -0.0099, 0.1797, -13.2189, -7.4020, -159.7811]   ===>   [0.0304, 0.0464, -0.1646],  actual: [0.0307, 0.0466, -0.1642] (mse: 0.000000)
[-0.0228, -0.0383, 0.1865, -46.8845, 9.8084, -161.0730]   ===>   [0.0608, 0.0211, -0.1660],  actual: [0.0616, 0.0197, -0.1691] (mse: 0.000012)
[-0.0010, 0.0140, 0.1808, -7.6465, -16.6050, -165.1877]   ===>   [0.0280, 0.0718, -0.1633],  actual: [0.0289, 0.0734, -0.1643] (mse: 0.000005)
[-0.0144, -0.0138, 0.1814, 41.6851, -8.8687, -171.2868]   ===>   [0.0490, 0.0417, -0.1669],  actual: [0.0492, 0.0425, -0.1678] (mse: 0.000001)
[0.0228, 0.0101, 0.1838, 39.3842, -10.7018, -176.4675]   ===>   [0.0052, 0.0640, -0.1577],  actual: [0.0065, 0.0643, -0.1589] (mse: 0.000003)
[0.0225, -0.0212, 0.1891, -77.1164, -8.8037, -175.7824]   ===>   [0.0103, 0.0343, -0.1622],  actual: [0.0113, 0.0343, -0.1636] (mse: 0.000003)
[0.0118, -0.0213, 0.1892, 17.5711, -1.2816, -152.9733]   ===>   [0.0224, 0.0319, -0.1639],  actual: [0.0219, 0.0318, -0.1641] (mse: 0.000000)
[0.0070, -0.0209, 0.1839, -49.9079, -3.7073, -167.1749]   ===>   [0.0271, 0.0344, -0.1649],  actual: [0.0271, 0.0341, -0.1650] (mse: 0.000000)
[0.0263, -0.0352, 0.1890, 53.3550, -6.7323, -168.2520]   ===>   [0.0102, 0.0162, -0.1607],  actual: [0.0107, 0.0163, -0.1614] (mse: 0.000001)
[-0.0098, 0.0001, 0.1742, -60.5227, 22.7134, -163.5064]   ===>   [0.0436, 0.0564, -0.1656],  actual: [0.0450, 0.0566, -0.1667] (mse: 0.000003)
[-0.0273, -0.0417, 0.1813, 69.3115, -0.8366, -178.7197]   ===>   [0.0666, 0.0159, -0.1656],  actual: [0.0666, 0.0157, -0.1676] (mse: 0.000004)
[0.0176, -0.0283, 0.1919, 0.5139, -10.0547, -168.3091]   ===>   [0.0164, 0.0256, -0.1631],  actual: [0.0178, 0.0259, -0.1628] (mse: 0.000002)
[0.0133, -0.0366, 0.1865, 76.0842, 8.9540, -170.0039]   ===>   [0.0229, 0.0176, -0.1628],  actual: [0.0236, 0.0166, -0.1627] (mse: 0.000002)
[-0.0289, -0.0357, 0.1697, -71.4384, -1.1159, -165.0953]   ===>   [0.0682, 0.0205, -0.1657],  actual: [0.0697, 0.0216, -0.1677] (mse: 0.000007)
[-0.0069, -0.0074, 0.1838, 25.2436, -8.1238, -159.3164]   ===>   [0.0382, 0.0483, -0.1654],  actual: [0.0395, 0.0489, -0.1658] (mse: 0.000003)
[-0.0105, -0.0430, 0.1865, -41.5338, 8.0010, -167.5687]   ===>   [0.0490, 0.0151, -0.1663],  actual: [0.0497, 0.0142, -0.1672] (mse: 0.000002)
[0.0220, -0.0330, 0.1947, 51.3667, -4.6551, -170.4070]   ===>   [0.0137, 0.0214, -0.1618],  actual: [0.0150, 0.0204, -0.1637] (mse: 0.000006)
[-0.0024, -0.0088, 0.1718, 48.0435, -10.8203, -173.2677]   ===>   [0.0348, 0.0466, -0.1652],  actual: [0.0361, 0.0461, -0.1658] (mse: 0.000002)
[0.0152, -0.0396, 0.1919, -46.7662, 8.8135, -161.1118]   ===>   [0.0220, 0.0156, -0.1620],  actual: [0.0220, 0.0158, -0.1622] (mse: 0.000000)
[0.0177, -0.0350, 0.1919, -49.8511, 10.4668, -159.7737]   ===>   [0.0182, 0.0201, -0.1620],  actual: [0.0193, 0.0189, -0.1620] (mse: 0.000003)
[0.0035, -0.0204, 0.1697, 1.4904, -3.1843, -168.2494]   ===>   [0.0303, 0.0334, -0.1652],  actual: [0.0316, 0.0326, -0.1658] (mse: 0.000003)
[0.0178, -0.0413, 0.1891, -14.2803, 5.6957, -165.9690]   ===>   [0.0188, 0.0127, -0.1610],  actual: [0.0197, 0.0127, -0.1616] (mse: 0.000001)
[0.0045, -0.0342, 0.1919, 5.2142, -1.7696, -159.3147]   ===>   [0.0304, 0.0211, -0.1641],  actual: [0.0317, 0.0211, -0.1645] (mse: 0.000002)
[-0.0087, -0.0429, 0.1892, -83.6982, 14.4021, -170.0761]   ===>   [0.0480, 0.0156, -0.1663],  actual: [0.0480, 0.0142, -0.1673] (mse: 0.000003)
[0.0178, -0.0311, 0.1919, -54.8436, -8.3101, -166.3629]   ===>   [0.0163, 0.0242, -0.1635],  actual: [0.0172, 0.0247, -0.1624] (mse: 0.000002)
[-0.0056, -0.0204, 0.1839, 56.1893, -4.2025, -172.7114]   ===>   [0.0385, 0.0348, -0.1658],  actual: [0.0399, 0.0346, -0.1668] (mse: 0.000003)
[0.0115, -0.0417, 0.1919, 77.5094, 0.3919, -178.9219]   ===>   [0.0253, 0.0142, -0.1627],  actual: [0.0260, 0.0129, -0.1644] (mse: 0.000005)
[-0.0012, -0.0012, 0.1864, -4.4286, -6.3601, -163.1456]   ===>   [0.0312, 0.0561, -0.1641],  actual: [0.0317, 0.0566, -0.1655] (mse: 0.000002)
[-0.0130, -0.0407, 0.1891, -60.6517, 18.6836, -149.4663]   ===>   [0.0507, 0.0184, -0.1659],  actual: [0.0503, 0.0173, -0.1673] (mse: 0.000003)
[-0.0294, -0.0363, 0.1765, 9.0262, 3.6926, -159.5809]   ===>   [0.0688, 0.0207, -0.1659],  actual: [0.0694, 0.0214, -0.1673] (mse: 0.000003)
[0.0257, -0.0351, 0.1889, 27.6989, 12.4336, -156.2270]   ===>   [0.0114, 0.0168, -0.1597],  actual: [0.0123, 0.0160, -0.1604] (mse: 0.000002)
[-0.0077, -0.0407, 0.1947, 52.0772, -2.1441, -170.9997]   ===>   [0.0438, 0.0165, -0.1652],  actual: [0.0450, 0.0166, -0.1671] (mse: 0.000005)
[0.0237, -0.0401, 0.1916, -59.6418, -3.4459, -177.9098]   ===>   [0.0136, 0.0159, -0.1600],  actual: [0.0141, 0.0148, -0.1609] (mse: 0.000002)
[-0.0093, -0.0053, 0.1742, -31.4269, 17.1344, -149.1929]   ===>   [0.0426, 0.0505, -0.1655],  actual: [0.0437, 0.0516, -0.1659] (mse: 0.000002)
[-0.0024, -0.0397, 0.1892, -75.0411, 5.6464, -165.7317]   ===>   [0.0393, 0.0171, -0.1660],  actual: [0.0400, 0.0172, -0.1668] (mse: 0.000001)
[0.0117, -0.0123, 0.1892, 24.0988, -9.7067, -161.0887]   ===>   [0.0186, 0.0418, -0.1643],  actual: [0.0212, 0.0413, -0.1650] (mse: 0.000008)
[0.0171, -0.0376, 0.1947, 55.9219, 2.9286, -178.1658]   ===>   [0.0192, 0.0181, -0.1619],  actual: [0.0194, 0.0179, -0.1624] (mse: 0.000000)
[0.0221, -0.0078, 0.1865, 51.1536, -9.4345, -165.3236]   ===>   [0.0088, 0.0437, -0.1606],  actual: [0.0112, 0.0442, -0.1609] (mse: 0.000006)
[0.0014, -0.0257, 0.1865, -8.7050, 7.9957, -158.2504]   ===>   [0.0346, 0.0316, -0.1653],  actual: [0.0340, 0.0293, -0.1655] (mse: 0.000005)
[-0.0153, -0.0122, 0.1742, -54.1458, 14.3403, -161.6209]   ===>   [0.0517, 0.0446, -0.1664],  actual: [0.0516, 0.0444, -0.1680] (mse: 0.000002)
[0.0247, -0.0243, 0.1919, -84.8346, -1.5979, -172.0848]   ===>   [0.0089, 0.0319, -0.1616],  actual: [0.0101, 0.0308, -0.1620] (mse: 0.000003)
[0.0050, -0.0194, 0.1698, 1.4879, -3.4218, -167.7591]   ===>   [0.0284, 0.0344, -0.1650],  actual: [0.0298, 0.0335, -0.1657] (mse: 0.000003)
[0.0227, 0.0108, 0.1838, -12.5576, -11.7189, -179.4558]   ===>   [0.0047, 0.0676, -0.1578],  actual: [0.0071, 0.0671, -0.1587] (mse: 0.000007)
[0.0232, -0.0410, 0.1865, -4.5496, 18.3198, -157.9389]   ===>   [0.0150, 0.0119, -0.1600],  actual: [0.0148, 0.0109, -0.1613] (mse: 0.000002)
[-0.0054, -0.0261, 0.1865, 17.1955, 13.6195, -153.5318]   ===>   [0.0427, 0.0308, -0.1654],  actual: [0.0427, 0.0294, -0.1657] (mse: 0.000002)
[-0.0028, -0.0253, 0.1813, -22.7498, -8.4612, -159.1127]   ===>   [0.0371, 0.0299, -0.1663],  actual: [0.0375, 0.0299, -0.1662] (mse: 0.000000)
[-0.0255, -0.0201, 0.1814, -21.3972, 16.9457, -156.3065]   ===>   [0.0632, 0.0387, -0.1669],  actual: [0.0636, 0.0382, -0.1690] (mse: 0.000005)
[0.0105, 0.0049, 0.1763, 16.5533, -7.5900, -156.2137]   ===>   [0.0184, 0.0604, -0.1613],  actual: [0.0199, 0.0595, -0.1619] (mse: 0.000003)
[0.0209, -0.0218, 0.1869, -14.6397, -0.1608, -173.1093]   ===>   [0.0129, 0.0327, -0.1628],  actual: [0.0121, 0.0333, -0.1638] (mse: 0.000002)
[-0.0092, -0.0023, 0.1698, -48.0015, 17.7958, -154.7809]   ===>   [0.0427, 0.0538, -0.1652],  actual: [0.0443, 0.0540, -0.1658] (mse: 0.000003)
[0.0013, -0.0407, 0.1892, -53.3578, 1.3241, -172.8644]   ===>   [0.0362, 0.0156, -0.1662],  actual: [0.0370, 0.0148, -0.1667] (mse: 0.000002)
[0.0080, -0.0175, 0.1930, 9.2252, -4.0467, -161.6383]   ===>   [0.0240, 0.0385, -0.1644],  actual: [0.0248, 0.0383, -0.1649] (mse: 0.000001)
[-0.0131, 0.0081, 0.1835, -38.9772, -12.7181, -165.3358]   ===>   [0.0418, 0.0688, -0.1643],  actual: [0.0434, 0.0690, -0.1666] (mse: 0.000008)
[0.0156, -0.0095, 0.1940, -29.1548, 10.1794, -163.8258]   ===>   [0.0163, 0.0447, -0.1621],  actual: [0.0180, 0.0444, -0.1644] (mse: 0.000008)
[0.0232, 0.0119, 0.1890, 89.4512, 17.8724, -173.9872]   ===>   [0.0064, 0.0652, -0.1570],  actual: [0.0067, 0.0659, -0.1587] (mse: 0.000004)
[0.0156, -0.0204, 0.1892, -30.0253, -0.2901, -156.0245]   ===>   [0.0173, 0.0337, -0.1635],  actual: [0.0168, 0.0345, -0.1642] (mse: 0.000001)
[0.0117, -0.0268, 0.1865, -18.8817, -5.8339, -169.9356]   ===>   [0.0224, 0.0280, -0.1639],  actual: [0.0232, 0.0275, -0.1649] (mse: 0.000002)
[0.0219, -0.0097, 0.1903, 0.7995, -2.6381, -167.4006]   ===>   [0.0092, 0.0453, -0.1601],  actual: [0.0113, 0.0447, -0.1608] (mse: 0.000006)
[0.0154, -0.0251, 0.1865, 10.3205, -2.6932, -156.1853]   ===>   [0.0192, 0.0275, -0.1635],  actual: [0.0194, 0.0275, -0.1631] (mse: 0.000000)
[-0.0068, -0.0407, 0.1865, -73.5210, 4.8187, -166.8909]   ===>   [0.0449, 0.0164, -0.1663],  actual: [0.0447, 0.0162, -0.1664] (mse: 0.000000)
[0.0249, -0.0174, 0.1838, -19.3665, 14.1854, -167.3864]   ===>   [0.0077, 0.0351, -0.1615],  actual: [0.0098, 0.0345, -0.1624] (mse: 0.000005)
[-0.0020, -0.0033, 0.1765, 45.9407, -7.1025, -162.0825]   ===>   [0.0335, 0.0511, -0.1638],  actual: [0.0343, 0.0515, -0.1643] (mse: 0.000001)
[0.0248, -0.0414, 0.1974, 31.7775, 5.1549, -169.2306]   ===>   [0.0126, 0.0141, -0.1596],  actual: [0.0135, 0.0134, -0.1609] (mse: 0.000003)
[0.0219, -0.0185, 0.1865, -25.7030, 18.7406, -155.5367]   ===>   [0.0115, 0.0341, -0.1615],  actual: [0.0127, 0.0338, -0.1623] (mse: 0.000002)
[-0.0002, -0.0122, 0.1789, 17.5704, -8.2640, -169.5580]   ===>   [0.0324, 0.0439, -0.1650],  actual: [0.0335, 0.0437, -0.1647] (mse: 0.000001)
[0.0186, -0.0143, 0.1892, 38.1341, -1.2008, -163.2656]   ===>   [0.0131, 0.0384, -0.1624],  actual: [0.0140, 0.0384, -0.1638] (mse: 0.000003)
[0.0179, -0.0380, 0.1947, 51.7167, -2.1419, -179.7136]   ===>   [0.0188, 0.0172, -0.1620],  actual: [0.0187, 0.0173, -0.1626] (mse: 0.000000)
[0.0022, -0.0043, 0.1812, -15.0937, 19.4803, -154.1509]   ===>   [0.0321, 0.0502, -0.1638],  actual: [0.0315, 0.0507, -0.1650] (mse: 0.000002)
[-0.0164, -0.0304, 0.1742, 4.4576, 10.4137, -160.3454]   ===>   [0.0565, 0.0248, -0.1664],  actual: [0.0571, 0.0253, -0.1669] (mse: 0.000001)
[-0.0288, -0.0440, 0.1839, 1.4246, 15.5147, -163.7431]   ===>   [0.0702, 0.0159, -0.1650],  actual: [0.0700, 0.0158, -0.1673] (mse: 0.000005)
[0.0235, -0.0381, 0.1789, -43.3285, -2.4377, -169.8009]   ===>   [0.0123, 0.0136, -0.1598],  actual: [0.0125, 0.0133, -0.1607] (mse: 0.000001)
[0.0236, -0.0212, 0.1919, -5.3471, -3.3472, -166.3435]   ===>   [0.0097, 0.0337, -0.1612],  actual: [0.0108, 0.0318, -0.1641] (mse: 0.000013)
[0.0217, -0.0028, 0.1850, -65.3234, 19.6453, -162.3341]   ===>   [0.0089, 0.0513, -0.1596],  actual: [0.0102, 0.0523, -0.1602] (mse: 0.000003)
[0.0061, -0.0313, 0.1892, -78.8897, -3.3723, -157.5007]   ===>   [0.0278, 0.0272, -0.1646],  actual: [0.0284, 0.0260, -0.1644] (mse: 0.000002)
[0.0064, -0.0187, 0.1717, 1.5594, -3.0861, -168.9659]   ===>   [0.0264, 0.0347, -0.1648],  actual: [0.0280, 0.0342, -0.1656] (mse: 0.000003)
[-0.0054, -0.0273, 0.1838, 1.3854, -9.1402, -164.3464]   ===>   [0.0403, 0.0290, -0.1662],  actual: [0.0394, 0.0293, -0.1662] (mse: 0.000001)
[0.0173, -0.0446, 0.2006, -56.1942, 4.6538, -153.0288]   ===>   [0.0184, 0.0128, -0.1618],  actual: [0.0197, 0.0124, -0.1630] (mse: 0.000003)
[0.0170, -0.0432, 0.1976, 5.4821, 2.2733, -164.7569]   ===>   [0.0202, 0.0128, -0.1624],  actual: [0.0206, 0.0125, -0.1622] (mse: 0.000000)
[-0.0318, 0.0142, 0.1839, -77.0963, 29.1709, -158.3743]   ===>   [0.0627, 0.0728, -0.1671],  actual: [0.0641, 0.0738, -0.1669] (mse: 0.000003)
[0.0251, -0.0376, 0.1945, -56.3171, 4.6798, -165.1057]   ===>   [0.0119, 0.0182, -0.1602],  actual: [0.0123, 0.0166, -0.1609] (mse: 0.000003)
[0.0222, 0.0123, 0.1785, 29.7629, -5.4957, -163.0349]   ===>   [0.0058, 0.0663, -0.1576],  actual: [0.0069, 0.0657, -0.1592] (mse: 0.000004)
[-0.0302, -0.0267, 0.1865, 42.7283, -3.9413, -160.9501]   ===>   [0.0648, 0.0330, -0.1671],  actual: [0.0691, 0.0317, -0.1681] (mse: 0.000021)
[0.0201, -0.0385, 0.1976, 21.3268, 5.3443, -157.0649]   ===>   [0.0156, 0.0164, -0.1624],  actual: [0.0167, 0.0151, -0.1642] (mse: 0.000006)
[-0.0202, -0.0306, 0.1766, 1.4934, 16.7109, -154.1160]   ===>   [0.0605, 0.0246, -0.1666],  actual: [0.0602, 0.0262, -0.1666] (mse: 0.000003)
