[0.0157, -0.0305, 0.1947, -32.8671, -5.7466, -166.1603]   ===>   [0.0200, 0.0074, -0.1518],  actual: [0.0193, 0.0249, -0.1647] (mse: 0.000473)
[0.0053, -0.0192, 0.1812, -32.3157, -5.7336, -165.8162]   ===>   [0.0270, 0.0343, -0.1753],  actual: [0.0285, 0.0356, -0.1651] (mse: 0.000109)
[0.0087, -0.0245, 0.1865, -32.7383, 8.9897, -154.3258]   ===>   [0.0301, 0.0232, -0.1483],  actual: [0.0266, 0.0291, -0.1642] (mse: 0.000301)
[-0.0020, -0.0298, 0.1865, -61.1304, 19.4777, -171.7094]   ===>   [0.0388, 0.0209, -0.1732],  actual: [0.0409, 0.0257, -0.1662] (mse: 0.000075)
[0.0246, -0.0154, 0.1865, 66.7321, -8.1768, -165.0465]   ===>   [0.0052, 0.0293, -0.1689],  actual: [0.0096, 0.0355, -0.1630] (mse: 0.000094)
[0.0186, -0.0326, 0.1814, 28.4872, 12.0205, -156.7060]   ===>   [0.0162, 0.0125, -0.1585],  actual: [0.0194, 0.0183, -0.1619] (mse: 0.000055)
[0.0080, -0.0443, 0.1976, -43.6649, -4.8316, -160.6897]   ===>   [0.0244, 0.0101, -0.1720],  actual: [0.0290, 0.0124, -0.1658] (mse: 0.000064)
[-0.0143, -0.0276, 0.1838, -42.8065, -5.2615, -157.7008]   ===>   [0.0486, 0.0299, -0.1650],  actual: [0.0497, 0.0297, -0.1676] (mse: 0.000008)
[-0.0253, -0.0072, 0.1838, -67.6436, 20.8969, -168.7256]   ===>   [0.0651, 0.0550, -0.1673],  actual: [0.0622, 0.0516, -0.1683] (mse: 0.000021)
[-0.0186, -0.0446, 0.1839, -42.1844, 6.3123, -168.4050]   ===>   [0.0599, 0.0155, -0.1687],  actual: [0.0580, 0.0140, -0.1673] (mse: 0.000008)
[-0.0054, -0.0265, 0.1862, 1.4792, 17.6192, -156.3488]   ===>   [0.0420, 0.0365, -0.1699],  actual: [0.0431, 0.0293, -0.1660] (mse: 0.000069)
[0.0178, -0.0413, 0.1891, -14.2803, 5.6957, -165.9690]   ===>   [0.0203, 0.0071, -0.1442],  actual: [0.0197, 0.0127, -0.1616] (mse: 0.000333)
[0.0242, -0.0356, 0.1891, 75.7715, -2.8991, -170.7182]   ===>   [0.0157, 0.0108, -0.1605],  actual: [0.0137, 0.0168, -0.1614] (mse: 0.000041)
[0.0220, -0.0337, 0.1919, -50.3334, 8.5425, -157.7591]   ===>   [0.0160, 0.0167, -0.1580],  actual: [0.0143, 0.0199, -0.1615] (mse: 0.000025)
[0.0123, -0.0367, 0.1864, -22.4428, 15.6654, -170.7716]   ===>   [0.0349, 0.0125, -0.1704],  actual: [0.0258, 0.0178, -0.1630] (mse: 0.000164)
[0.0217, -0.0327, 0.1891, -22.3721, -3.6299, -158.4685]   ===>   [0.0226, 0.0225, -0.1616],  actual: [0.0141, 0.0200, -0.1620] (mse: 0.000079)
[-0.0273, -0.0404, 0.1839, -0.5056, -4.5650, -159.0981]   ===>   [0.0661, 0.0148, -0.1763],  actual: [0.0660, 0.0179, -0.1678] (mse: 0.000082)
[0.0219, -0.0151, 0.1865, 38.1649, -12.5574, -172.6778]   ===>   [0.0112, 0.0323, -0.1592],  actual: [0.0110, 0.0376, -0.1630] (mse: 0.000042)
[-0.0114, -0.0088, 0.1676, 83.5408, -8.3267, -177.0935]   ===>   [0.0465, 0.0375, -0.2026],  actual: [0.0472, 0.0455, -0.1670] (mse: 0.001335)
[0.0010, -0.0107, 0.1839, -44.9340, 19.9208, -155.5640]   ===>   [0.0377, 0.0427, -0.1564],  actual: [0.0335, 0.0440, -0.1648] (mse: 0.000091)
[-0.0083, -0.0448, 0.1919, -41.8938, 6.2243, -167.9342]   ===>   [0.0499, 0.0126, -0.1725],  actual: [0.0460, 0.0140, -0.1671] (mse: 0.000046)
[0.0059, -0.0187, 0.1698, -46.0981, 11.7572, -168.0914]   ===>   [0.0307, 0.0376, -0.1462],  actual: [0.0301, 0.0342, -0.1650] (mse: 0.000366)
[0.0254, -0.0417, 0.1976, 56.0274, 2.0032, -174.1229]   ===>   [0.0148, 0.0072, -0.1714],  actual: [0.0133, 0.0133, -0.1610] (mse: 0.000148)
[0.0231, -0.0366, 0.1814, -78.5812, 5.5350, -158.6431]   ===>   [0.0126, 0.0051, -0.1559],  actual: [0.0121, 0.0166, -0.1605] (mse: 0.000155)
[0.0258, -0.0357, 0.1891, 69.3723, -1.2447, -174.2278]   ===>   [0.0123, 0.0093, -0.1572],  actual: [0.0113, 0.0169, -0.1613] (mse: 0.000076)
[0.0108, 0.0068, 0.1789, 41.9380, -10.3830, -174.2290]   ===>   [0.0220, 0.0589, -0.1516],  actual: [0.0180, 0.0618, -0.1608] (mse: 0.000108)
[-0.0006, -0.0130, 0.1785, -16.9106, -6.7517, -160.9213]   ===>   [0.0295, 0.0419, -0.1572],  actual: [0.0340, 0.0419, -0.1658] (mse: 0.000094)
[0.0047, -0.0102, 0.1814, -31.1046, -12.0767, -165.1167]   ===>   [0.0273, 0.0437, -0.1779],  actual: [0.0270, 0.0469, -0.1645] (mse: 0.000192)
[0.0225, -0.0162, 0.1919, 41.1271, -3.2877, -176.9960]   ===>   [0.0101, 0.0271, -0.1564],  actual: [0.0110, 0.0381, -0.1618] (mse: 0.000153)
[-0.0056, -0.0190, 0.1698, -51.9374, 12.6150, -164.9692]   ===>   [0.0487, 0.0408, -0.1549],  actual: [0.0422, 0.0357, -0.1667] (mse: 0.000209)
[0.0176, 0.0107, 0.1730, -31.4485, -5.2301, -165.9320]   ===>   [0.0068, 0.0761, -0.1596],  actual: [0.0113, 0.0672, -0.1595] (mse: 0.000101)
[0.0206, -0.0409, 0.1892, -71.6301, 8.0768, -167.9961]   ===>   [0.0164, 0.0114, -0.1634],  actual: [0.0171, 0.0128, -0.1614] (mse: 0.000006)
[0.0126, 0.0120, 0.1838, 25.1740, -10.8243, -159.9654]   ===>   [0.0130, 0.0687, -0.1430],  actual: [0.0161, 0.0663, -0.1602] (mse: 0.000310)
[-0.0192, -0.0437, 0.1839, -41.5485, 8.5693, -167.2725]   ===>   [0.0631, 0.0151, -0.1643],  actual: [0.0597, 0.0141, -0.1673] (mse: 0.000021)
[-0.0010, -0.0414, 0.1919, 50.2171, 5.6063, -176.9762]   ===>   [0.0400, 0.0148, -0.1684],  actual: [0.0372, 0.0153, -0.1657] (mse: 0.000015)
[0.0189, 0.0158, 0.1718, 41.5421, -5.0947, -156.8389]   ===>   [0.0093, 0.0724, -0.1721],  actual: [0.0090, 0.0692, -0.1589] (mse: 0.000185)
[0.0187, -0.0331, 0.1892, -66.9051, 2.5823, -171.6700]   ===>   [0.0193, 0.0148, -0.1678],  actual: [0.0167, 0.0217, -0.1646] (mse: 0.000065)
[0.0247, -0.0279, 0.1892, -61.2665, 22.7211, -158.7898]   ===>   [0.0134, 0.0191, -0.1659],  actual: [0.0110, 0.0250, -0.1621] (mse: 0.000055)
[-0.0308, -0.0207, 0.1839, 6.1943, 13.8626, -153.9275]   ===>   [0.0717, 0.0506, -0.1762],  actual: [0.0683, 0.0389, -0.1687] (mse: 0.000206)
[0.0044, -0.0189, 0.1839, -78.1886, -8.9739, -163.3289]   ===>   [0.0314, 0.0395, -0.1858],  actual: [0.0287, 0.0387, -0.1651] (mse: 0.000439)
[-0.0108, -0.0302, 0.1740, 17.3926, -6.9795, -164.6830]   ===>   [0.0512, 0.0211, -0.1724],  actual: [0.0489, 0.0237, -0.1670] (mse: 0.000041)
[-0.0301, -0.0158, 0.1946, -69.5728, 15.7745, -174.9009]   ===>   [0.0643, 0.0695, -0.1932],  actual: [0.0667, 0.0438, -0.1693] (mse: 0.001235)
[0.0052, 0.0131, 0.1713, -45.8919, -8.4409, -165.8925]   ===>   [0.0159, 0.0819, -0.1592],  actual: [0.0238, 0.0729, -0.1634] (mse: 0.000162)
[-0.0103, -0.0390, 0.1892, 52.2128, -3.3065, -170.9674]   ===>   [0.0485, 0.0146, -0.1634],  actual: [0.0470, 0.0171, -0.1675] (mse: 0.000026)
[0.0054, -0.0143, 0.1739, 13.0263, -2.9238, -160.7864]   ===>   [0.0152, 0.0435, -0.1419],  actual: [0.0290, 0.0384, -0.1651] (mse: 0.000761)
[0.0116, -0.0460, 0.1976, -78.1773, 16.4876, -150.7954]   ===>   [0.0396, 0.0258, -0.1780],  actual: [0.0257, 0.0115, -0.1646] (mse: 0.000579)
[0.0224, -0.0289, 0.1891, 25.0229, -5.1466, -168.7597]   ===>   [0.0199, 0.0140, -0.1581],  actual: [0.0131, 0.0239, -0.1628] (mse: 0.000168)
[0.0257, -0.0351, 0.1889, 27.6989, 12.4336, -156.2270]   ===>   [0.0137, 0.0155, -0.1556],  actual: [0.0123, 0.0160, -0.1604] (mse: 0.000025)
[0.0244, -0.0291, 0.1891, -47.1021, -5.7442, -157.0481]   ===>   [0.0193, 0.0259, -0.1617],  actual: [0.0097, 0.0246, -0.1616] (mse: 0.000095)
[-0.0103, -0.0388, 0.1865, 6.9929, 1.9687, -156.3092]   ===>   [0.0495, 0.0150, -0.1699],  actual: [0.0476, 0.0171, -0.1670] (mse: 0.000017)
[-0.0092, -0.0436, 0.1919, -72.3940, 9.4881, -155.5762]   ===>   [0.0490, 0.0175, -0.1751],  actual: [0.0462, 0.0157, -0.1671] (mse: 0.000075)
[0.0222, -0.0397, 0.1919, 48.1667, 5.3341, -166.4036]   ===>   [0.0134, 0.0097, -0.1557],  actual: [0.0151, 0.0134, -0.1609] (mse: 0.000044)
[0.0156, -0.0204, 0.1892, -30.0253, -0.2901, -156.0245]   ===>   [0.0228, 0.0287, -0.1507],  actual: [0.0168, 0.0345, -0.1642] (mse: 0.000252)
[-0.0315, -0.0351, 0.1863, -26.1485, 8.1508, -150.4162]   ===>   [0.0684, 0.0263, -0.1703],  actual: [0.0689, 0.0249, -0.1678] (mse: 0.000008)
[0.0010, -0.0423, 0.1947, -71.7253, 3.9263, -172.6133]   ===>   [0.0429, 0.0163, -0.1707],  actual: [0.0371, 0.0150, -0.1667] (mse: 0.000051)
[0.0132, -0.0268, 0.1865, 62.4533, 10.5615, -173.6015]   ===>   [0.0293, 0.0317, -0.1489],  actual: [0.0208, 0.0270, -0.1647] (mse: 0.000343)
[0.0030, -0.0021, 0.1865, -4.1681, -5.5237, -163.2800]   ===>   [0.0179, 0.0521, -0.1457],  actual: [0.0280, 0.0547, -0.1653] (mse: 0.000494)
[-0.0052, -0.0140, 0.1811, -9.0688, -11.6328, -170.9021]   ===>   [0.0331, 0.0392, -0.1690],  actual: [0.0378, 0.0442, -0.1654] (mse: 0.000061)
[0.0060, -0.0218, 0.1942, -33.8028, 7.0843, -158.3100]   ===>   [0.0260, 0.0348, -0.1524],  actual: [0.0276, 0.0342, -0.1650] (mse: 0.000160)
[0.0040, -0.0181, 0.1863, -32.2085, -5.6314, -165.1422]   ===>   [0.0289, 0.0336, -0.1652],  actual: [0.0298, 0.0372, -0.1651] (mse: 0.000014)
[-0.0176, -0.0352, 0.1766, 0.8685, -4.3368, -166.0111]   ===>   [0.0587, 0.0213, -0.1671],  actual: [0.0572, 0.0207, -0.1669] (mse: 0.000003)
[-0.0109, -0.0211, 0.1655, -50.7858, -1.3194, -158.9058]   ===>   [0.0463, 0.0386, -0.1623],  actual: [0.0479, 0.0336, -0.1669] (mse: 0.000048)
[0.0122, -0.0381, 0.1919, -54.2160, -7.5724, -172.1556]   ===>   [0.0225, 0.0132, -0.1583],  actual: [0.0246, 0.0184, -0.1631] (mse: 0.000055)
[0.0244, -0.0333, 0.1892, -65.4464, 9.7433, -178.1963]   ===>   [0.0098, 0.0132, -0.1787],  actual: [0.0136, 0.0199, -0.1610] (mse: 0.000372)
[0.0155, 0.0052, 0.1742, 18.1165, -7.5423, -169.8209]   ===>   [0.0122, 0.0560, -0.1582],  actual: [0.0145, 0.0604, -0.1605] (mse: 0.000030)
[0.0245, -0.0286, 0.1838, 5.7199, 11.9050, -163.6167]   ===>   [0.0076, 0.0251, -0.1543],  actual: [0.0112, 0.0227, -0.1619] (mse: 0.000076)
[0.0066, -0.0164, 0.1838, -0.2036, -10.8446, -153.7433]   ===>   [0.0200, 0.0400, -0.1681],  actual: [0.0271, 0.0368, -0.1653] (mse: 0.000067)
[0.0256, -0.0310, 0.1890, -12.2869, 13.9872, -156.4871]   ===>   [0.0188, 0.0190, -0.1562],  actual: [0.0106, 0.0210, -0.1615] (mse: 0.000100)
[-0.0324, 0.0007, 0.1785, -7.8668, 21.9066, -165.1688]   ===>   [0.0853, 0.0604, -0.1881],  actual: [0.0695, 0.0632, -0.1701] (mse: 0.000581)
[0.0167, -0.0235, 0.1892, -80.3593, 16.8144, -175.5266]   ===>   [0.0136, 0.0253, -0.1645],  actual: [0.0198, 0.0299, -0.1634] (mse: 0.000061)
[-0.0142, -0.0207, 0.1697, -44.8007, 15.4736, -154.3636]   ===>   [0.0518, 0.0329, -0.1723],  actual: [0.0522, 0.0354, -0.1660] (mse: 0.000046)
[-0.0304, -0.0418, 0.1838, -63.5315, 14.0672, -154.8033]   ===>   [0.0746, 0.0130, -0.1665],  actual: [0.0697, 0.0177, -0.1673] (mse: 0.000046)
[0.0124, -0.0218, 0.1892, -13.9138, -1.8730, -158.7766]   ===>   [0.0230, 0.0272, -0.1525],  actual: [0.0220, 0.0321, -0.1641] (mse: 0.000158)
[0.0214, 0.0150, 0.1916, 68.0717, -9.7599, -175.3873]   ===>   [0.0096, 0.0688, -0.1502],  actual: [0.0079, 0.0673, -0.1589] (mse: 0.000081)
[0.0169, -0.0336, 0.1919, 1.4115, -0.7301, -168.3577]   ===>   [0.0226, 0.0074, -0.1572],  actual: [0.0176, 0.0215, -0.1646] (mse: 0.000277)
[0.0231, -0.0199, 0.1839, -20.6540, 8.3196, -161.9800]   ===>   [0.0088, 0.0337, -0.1535],  actual: [0.0105, 0.0323, -0.1623] (mse: 0.000083)
[0.0089, -0.0444, 0.1976, -73.6479, 11.8569, -150.9948]   ===>   [0.0386, 0.0260, -0.1696],  actual: [0.0278, 0.0136, -0.1638] (mse: 0.000304)
[0.0202, 0.0124, 0.1784, -7.4036, -7.6117, -162.9107]   ===>   [0.0054, 0.0674, -0.1573],  actual: [0.0085, 0.0680, -0.1590] (mse: 0.000013)
[0.0237, -0.0199, 0.1839, -82.0154, 10.3329, -171.8774]   ===>   [0.0181, 0.0304, -0.1782],  actual: [0.0103, 0.0327, -0.1623] (mse: 0.000320)
[-0.0128, -0.0153, 0.1864, -45.6581, 13.3101, -149.8731]   ===>   [0.0495, 0.0432, -0.1664],  actual: [0.0473, 0.0414, -0.1659] (mse: 0.000008)
[0.0223, -0.0413, 0.1892, 58.9343, -0.9987, -174.2582]   ===>   [0.0140, 0.0019, -0.1529],  actual: [0.0156, 0.0117, -0.1615] (mse: 0.000173)
[0.0181, -0.0326, 0.1946, -76.1690, -5.1983, -175.4610]   ===>   [0.0152, 0.0129, -0.1682],  actual: [0.0178, 0.0232, -0.1646] (mse: 0.000126)
[-0.0119, -0.0219, 0.1788, 84.8621, 6.9695, -177.3501]   ===>   [0.0502, 0.0402, -0.1800],  actual: [0.0473, 0.0333, -0.1673] (mse: 0.000218)
[-0.0124, -0.0120, 0.1717, 41.7487, -8.1448, -176.6647]   ===>   [0.0542, 0.0340, -0.1880],  actual: [0.0459, 0.0443, -0.1672] (mse: 0.000610)
[-0.0179, -0.0043, 0.1889, -80.8355, 19.9052, -174.1810]   ===>   [0.0530, 0.0604, -0.1695],  actual: [0.0529, 0.0533, -0.1675] (mse: 0.000054)
[0.0233, -0.0209, 0.1892, 17.5073, 0.5952, -164.2537]   ===>   [0.0120, 0.0225, -0.1566],  actual: [0.0106, 0.0318, -0.1624] (mse: 0.000124)
[-0.0301, -0.0343, 0.1890, 63.3739, -4.0655, -167.2792]   ===>   [0.0790, 0.0340, -0.1770],  actual: [0.0683, 0.0244, -0.1682] (mse: 0.000286)
[0.0105, -0.0361, 0.1947, -6.9165, 22.8799, -159.2844]   ===>   [0.0239, 0.0185, -0.1689],  actual: [0.0283, 0.0196, -0.1636] (mse: 0.000049)
[-0.0180, -0.0387, 0.1814, -25.2514, -2.0361, -171.2781]   ===>   [0.0550, 0.0180, -0.1717],  actual: [0.0564, 0.0183, -0.1684] (mse: 0.000013)
[-0.0289, -0.0357, 0.1697, -71.4384, -1.1159, -165.0953]   ===>   [0.0749, 0.0118, -0.1867],  actual: [0.0697, 0.0216, -0.1677] (mse: 0.000485)
[-0.0325, -0.0142, 0.1863, -77.3157, 21.4794, -161.1131]   ===>   [0.0636, 0.0563, -0.1849],  actual: [0.0689, 0.0460, -0.1686] (mse: 0.000400)
[-0.0135, -0.0334, 0.1839, -4.8757, -6.6941, -168.3931]   ===>   [0.0536, 0.0206, -0.1599],  actual: [0.0510, 0.0235, -0.1664] (mse: 0.000057)
[0.0157, -0.0417, 0.1947, 8.7021, 6.4347, -159.6525]   ===>   [0.0263, 0.0004, -0.1476],  actual: [0.0216, 0.0127, -0.1629] (mse: 0.000407)
[0.0097, -0.0322, 0.1919, -58.6503, -5.5526, -165.3545]   ===>   [0.0237, 0.0136, -0.1530],  actual: [0.0257, 0.0242, -0.1637] (mse: 0.000230)
[0.0169, -0.0290, 0.1918, -65.8483, -0.2309, -169.7592]   ===>   [0.0199, 0.0160, -0.1614],  actual: [0.0187, 0.0265, -0.1624] (mse: 0.000112)
[-0.0143, -0.0350, 0.1865, -6.9804, -4.2671, -166.4570]   ===>   [0.0534, 0.0222, -0.1615],  actual: [0.0520, 0.0225, -0.1665] (mse: 0.000027)
[-0.0044, -0.0396, 0.1892, 25.8412, -2.2115, -149.2936]   ===>   [0.0347, 0.0118, -0.1618],  actual: [0.0421, 0.0145, -0.1669] (mse: 0.000087)
[-0.0006, 0.0099, 0.1741, -74.3376, -9.2609, -155.3205]   ===>   [0.0202, 0.0785, -0.1597],  actual: [0.0296, 0.0699, -0.1639] (mse: 0.000182)
[0.0214, -0.0032, 0.1892, 25.6895, -2.2511, -152.7702]   ===>   [0.0175, 0.0451, -0.1432],  actual: [0.0104, 0.0488, -0.1604] (mse: 0.000361)
[-0.0258, -0.0370, 0.1864, -38.1293, 3.5069, -156.9882]   ===>   [0.0653, 0.0218, -0.1686],  actual: [0.0631, 0.0213, -0.1694] (mse: 0.000006)
[0.0180, 0.0094, 0.1789, -10.8378, -6.2146, -172.0619]   ===>   [0.0079, 0.0677, -0.1519],  actual: [0.0119, 0.0656, -0.1597] (mse: 0.000081)
[-0.0005, 0.0108, 0.1741, 30.5324, -6.3808, -160.2680]   ===>   [0.0259, 0.0609, -0.1690],  actual: [0.0298, 0.0673, -0.1643] (mse: 0.000079)
[0.0249, 0.0133, 0.2068, 52.6114, -1.6076, -175.1788]   ===>   [0.0061, 0.0602, -0.1471],  actual: [0.0063, 0.0666, -0.1586] (mse: 0.000174)
[-0.0132, -0.0441, 0.1865, -13.8858, 3.2953, -167.4632]   ===>   [0.0548, 0.0149, -0.1688],  actual: [0.0514, 0.0139, -0.1673] (mse: 0.000015)
[0.0103, -0.0290, 0.1839, -74.2029, 4.8545, -177.2918]   ===>   [0.0265, 0.0168, -0.1785],  actual: [0.0260, 0.0253, -0.1637] (mse: 0.000292)
[0.0206, -0.0375, 0.1946, -43.3402, 3.2249, -158.1048]   ===>   [0.0177, 0.0162, -0.1583],  actual: [0.0152, 0.0172, -0.1642] (mse: 0.000041)
[0.0132, -0.0284, 0.1864, -46.9354, -3.2695, -170.5614]   ===>   [0.0224, 0.0190, -0.1674],  actual: [0.0218, 0.0258, -0.1647] (mse: 0.000054)
[0.0251, -0.0179, 0.1865, 44.2809, 0.3176, -160.6043]   ===>   [0.0135, 0.0213, -0.1595],  actual: [0.0091, 0.0335, -0.1626] (mse: 0.000178)
[0.0174, -0.0430, 0.1976, 8.1096, 2.4631, -160.0022]   ===>   [0.0247, 0.0006, -0.1539],  actual: [0.0208, 0.0115, -0.1635] (mse: 0.000228)
[-0.0308, -0.0030, 0.1973, -69.9259, 14.9945, -174.2271]   ===>   [0.0582, 0.0797, -0.2046],  actual: [0.0650, 0.0570, -0.1683] (mse: 0.001876)
[0.0058, -0.0278, 0.1919, 56.1108, -3.0872, -168.9388]   ===>   [0.0253, 0.0299, -0.1542],  actual: [0.0307, 0.0271, -0.1648] (mse: 0.000149)
[0.0201, -0.0409, 0.2006, 17.2602, 6.4123, -155.5809]   ===>   [0.0261, 0.0004, -0.1534],  actual: [0.0172, 0.0133, -0.1644] (mse: 0.000367)
[0.0066, -0.0010, 0.1814, 15.5314, -16.0919, -165.8359]   ===>   [0.0238, 0.0546, -0.1568],  actual: [0.0231, 0.0544, -0.1620] (mse: 0.000027)
[-0.0160, 0.0109, 0.1812, 5.9414, -7.8143, -155.7159]   ===>   [0.0338, 0.0546, -0.1623],  actual: [0.0452, 0.0704, -0.1668] (mse: 0.000401)
[-0.0176, 0.0017, 0.1889, -78.7823, 20.9231, 177.5858]   ===>   [0.0212, 0.0620, -0.1858],  actual: [0.0535, 0.0602, -0.1676] (mse: 0.001382)
[-0.0027, -0.0225, 0.1892, 56.3338, -6.1689, -171.5553]   ===>   [0.0334, 0.0348, -0.1693],  actual: [0.0370, 0.0325, -0.1661] (mse: 0.000029)
[0.0189, -0.0294, 0.1890, -5.6813, 2.9982, -170.4953]   ===>   [0.0179, 0.0167, -0.1583],  actual: [0.0171, 0.0238, -0.1646] (mse: 0.000092)
[-0.0039, -0.0026, 0.1882, -84.7485, 9.4136, -157.9743]   ===>   [0.0235, 0.0609, -0.1820],  actual: [0.0351, 0.0548, -0.1651] (mse: 0.000455)
[0.0114, -0.0186, 0.1892, 77.3813, -4.9300, -174.7697]   ===>   [0.0253, 0.0316, -0.1734],  actual: [0.0230, 0.0345, -0.1643] (mse: 0.000096)
[0.0110, -0.0265, 0.1865, -46.0446, 11.3814, -168.3169]   ===>   [0.0267, 0.0173, -0.1579],  actual: [0.0253, 0.0280, -0.1638] (mse: 0.000152)
[0.0268, -0.0330, 0.1918, -55.5932, 1.7476, -165.3390]   ===>   [0.0137, 0.0179, -0.1714],  actual: [0.0092, 0.0209, -0.1610] (mse: 0.000137)
[0.0111, -0.0308, 0.1836, -58.6219, -1.6717, -173.0826]   ===>   [0.0248, 0.0184, -0.1762],  actual: [0.0252, 0.0236, -0.1634] (mse: 0.000193)
[-0.0075, -0.0050, 0.1696, -72.3091, 13.6209, -155.7219]   ===>   [0.0456, 0.0577, -0.1593],  actual: [0.0411, 0.0514, -0.1660] (mse: 0.000105)
[-0.0304, -0.0089, 0.1945, -57.4196, 17.1210, -169.7984]   ===>   [0.0634, 0.0732, -0.1869],  actual: [0.0655, 0.0514, -0.1688] (mse: 0.000803)
[0.0075, -0.0426, 0.1947, 62.7731, -1.5447, -176.8984]   ===>   [0.0257, 0.0104, -0.1641],  actual: [0.0301, 0.0132, -0.1655] (mse: 0.000029)
[-0.0303, -0.0060, 0.1862, -13.3779, 18.8537, -167.2484]   ===>   [0.0717, 0.0595, -0.1508],  actual: [0.0665, 0.0561, -0.1692] (mse: 0.000375)
[-0.0294, -0.0428, 0.1892, 55.7399, -2.0652, -163.4876]   ===>   [0.0740, 0.0257, -0.1847],  actual: [0.0688, 0.0158, -0.1674] (mse: 0.000425)
[0.0088, 0.0115, 0.1814, 38.1734, -13.9822, -170.6340]   ===>   [0.0165, 0.0641, -0.1546],  actual: [0.0196, 0.0665, -0.1609] (mse: 0.000055)
[0.0044, -0.0408, 0.1892, 86.7949, 8.6707, -178.9490]   ===>   [0.0543, 0.0145, -0.1649],  actual: [0.0327, 0.0143, -0.1641] (mse: 0.000470)
[-0.0310, -0.0392, 0.1838, -48.6642, 5.2579, -158.9924]   ===>   [0.0703, 0.0181, -0.1671],  actual: [0.0697, 0.0202, -0.1704] (mse: 0.000016)
[0.0081, -0.0188, 0.1892, 77.1279, -8.4790, -169.5238]   ===>   [0.0302, 0.0323, -0.1781],  actual: [0.0269, 0.0338, -0.1651] (mse: 0.000182)
[-0.0075, -0.0193, 0.1716, 20.1550, -1.5558, -158.6153]   ===>   [0.0237, 0.0424, -0.1512],  actual: [0.0426, 0.0342, -0.1671] (mse: 0.000680)
[0.0213, -0.0399, 0.1946, 51.3360, -7.1483, -168.9256]   ===>   [0.0244, 0.0089, -0.1658],  actual: [0.0167, 0.0130, -0.1645] (mse: 0.000078)
[0.0012, -0.0192, 0.1865, -16.7884, 10.0099, -152.0429]   ===>   [0.0393, 0.0337, -0.1509],  actual: [0.0331, 0.0359, -0.1652] (mse: 0.000249)
[0.0003, -0.0325, 0.1865, 81.2007, 11.1821, -171.2956]   ===>   [0.0595, 0.0341, -0.1554],  actual: [0.0358, 0.0223, -0.1652] (mse: 0.000795)
[0.0262, -0.0378, 0.1918, 75.2549, 5.8516, -163.0285]   ===>   [0.0110, 0.0108, -0.1580],  actual: [0.0122, 0.0138, -0.1605] (mse: 0.000017)
[-0.0018, -0.0135, 0.1814, 85.5901, -6.1091, -163.5743]   ===>   [0.0390, 0.0585, -0.1726],  actual: [0.0388, 0.0403, -0.1650] (mse: 0.000389)
[0.0100, -0.0384, 0.1919, -15.9409, -2.8917, -165.7745]   ===>   [0.0250, 0.0130, -0.1536],  actual: [0.0257, 0.0180, -0.1630] (mse: 0.000114)
[0.0013, -0.0153, 0.1765, -32.1871, -6.0022, -165.9731]   ===>   [0.0276, 0.0416, -0.1531],  actual: [0.0325, 0.0402, -0.1652] (mse: 0.000171)
[-0.0182, -0.0320, 0.1839, 6.3227, 19.5242, -152.2962]   ===>   [0.0591, 0.0346, -0.1776],  actual: [0.0575, 0.0253, -0.1670] (mse: 0.000202)
[-0.0173, -0.0263, 0.1814, 73.8588, -8.0292, 174.5372]   ===>   [0.0598, 0.0407, -0.1638],  actual: [0.0532, 0.0304, -0.1684] (mse: 0.000171)
[-0.0087, -0.0429, 0.1892, -83.6982, 14.4021, -170.0761]   ===>   [0.0528, 0.0141, -0.1728],  actual: [0.0480, 0.0142, -0.1673] (mse: 0.000054)
[0.0022, -0.0005, 0.1742, 41.6218, -12.3187, -169.2114]   ===>   [0.0340, 0.0588, -0.1701],  actual: [0.0298, 0.0549, -0.1632] (mse: 0.000080)
[0.0257, -0.0364, 0.1835, -18.5324, 2.8093, -170.9158]   ===>   [0.0141, 0.0274, -0.1545],  actual: [0.0113, 0.0152, -0.1609] (mse: 0.000197)
[0.0240, -0.0188, 0.1947, 28.6181, 0.9704, -156.3535]   ===>   [0.0096, 0.0226, -0.1447],  actual: [0.0113, 0.0334, -0.1624] (mse: 0.000434)
[-0.0316, -0.0293, 0.1788, -39.0131, -12.3799, -160.2762]   ===>   [0.0732, 0.0359, -0.1792],  actual: [0.0688, 0.0303, -0.1676] (mse: 0.000184)
[-0.0273, -0.0417, 0.1813, 69.3115, -0.8366, -178.7197]   ===>   [0.0770, 0.0212, -0.1985],  actual: [0.0666, 0.0157, -0.1676] (mse: 0.001095)
[-0.0276, -0.0418, 0.1813, 20.1434, 8.3230, -160.6296]   ===>   [0.0680, 0.0179, -0.1752],  actual: [0.0686, 0.0157, -0.1674] (mse: 0.000066)
[0.0103, -0.0437, 0.1976, -22.8393, -6.4518, -163.3068]   ===>   [0.0252, 0.0082, -0.1663],  actual: [0.0270, 0.0123, -0.1654] (mse: 0.000021)
[0.0223, 0.0060, 0.1814, 37.8296, -15.8272, -168.9595]   ===>   [0.0059, 0.0574, -0.1559],  actual: [0.0080, 0.0590, -0.1597] (mse: 0.000021)
[0.0207, -0.0087, 0.1843, -10.5998, 0.4397, -164.6692]   ===>   [0.0151, 0.0386, -0.1546],  actual: [0.0107, 0.0460, -0.1617] (mse: 0.000125)
[-0.0283, -0.0137, 0.1838, -64.1200, 10.8724, -146.6213]   ===>   [0.0605, 0.0522, -0.1741],  actual: [0.0620, 0.0455, -0.1687] (mse: 0.000076)
[-0.0103, -0.0167, 0.1864, 43.0717, -4.1215, -165.7924]   ===>   [0.0406, 0.0380, -0.1668],  actual: [0.0450, 0.0389, -0.1675] (mse: 0.000020)
[0.0049, -0.0234, 0.1865, 40.5809, 2.9109, -172.1146]   ===>   [0.0297, 0.0294, -0.1444],  actual: [0.0288, 0.0320, -0.1647] (mse: 0.000420)
[-0.0138, -0.0235, 0.1676, -49.3246, 4.8646, -162.6640]   ===>   [0.0545, 0.0331, -0.1654],  actual: [0.0520, 0.0307, -0.1681] (mse: 0.000019)
[0.0167, -0.0254, 0.1919, 25.6594, -5.8955, -158.2159]   ===>   [0.0170, 0.0184, -0.1559],  actual: [0.0189, 0.0275, -0.1631] (mse: 0.000140)
[-0.0093, -0.0307, 0.1839, -7.0445, -15.3077, -170.5404]   ===>   [0.0472, 0.0303, -0.1700],  actual: [0.0451, 0.0262, -0.1665] (mse: 0.000033)
[0.0187, 0.0129, 0.1947, -83.4800, -6.1100, -158.8649]   ===>   [-0.0006, 0.0747, -0.1723],  actual: [0.0104, 0.0695, -0.1595] (mse: 0.000312)
[0.0242, -0.0267, 0.1838, 5.6405, 11.9809, -163.3771]   ===>   [0.0082, 0.0290, -0.1547],  actual: [0.0112, 0.0247, -0.1622] (mse: 0.000084)
[-0.0235, -0.0437, 0.1892, 21.1640, 12.0030, -162.8918]   ===>   [0.0629, 0.0175, -0.1646],  actual: [0.0642, 0.0156, -0.1670] (mse: 0.000011)
[-0.0163, -0.0416, 0.1839, 17.5060, 5.6957, -151.2930]   ===>   [0.0567, 0.0132, -0.1617],  actual: [0.0572, 0.0141, -0.1675] (mse: 0.000036)
[0.0047, -0.0194, 0.1836, -17.7141, -5.3040, -164.2517]   ===>   [0.0281, 0.0325, -0.1719],  actual: [0.0284, 0.0360, -0.1650] (mse: 0.000061)
[-0.0196, -0.0443, 0.1919, -84.7373, 9.5213, -163.7935]   ===>   [0.0586, 0.0150, -0.1770],  actual: [0.0581, 0.0163, -0.1671] (mse: 0.000100)
[0.0107, -0.0407, 0.1947, 52.7977, -5.3585, -165.2288]   ===>   [0.0296, 0.0109, -0.1576],  actual: [0.0281, 0.0139, -0.1638] (mse: 0.000050)
[0.0101, -0.0335, 0.1919, -70.6928, -3.2209, -161.3119]   ===>   [0.0244, 0.0168, -0.1564],  actual: [0.0253, 0.0233, -0.1633] (mse: 0.000091)
[0.0070, -0.0404, 0.1947, 52.7560, -5.3993, -164.8936]   ===>   [0.0289, 0.0118, -0.1588],  actual: [0.0319, 0.0147, -0.1646] (mse: 0.000051)
[-0.0286, -0.0188, 0.1865, -69.3943, 16.2184, -175.4112]   ===>   [0.0643, 0.0460, -0.1853],  actual: [0.0670, 0.0399, -0.1697] (mse: 0.000290)
[0.0052, -0.0279, 0.1974, 64.2032, 0.4726, -165.2554]   ===>   [0.0265, 0.0306, -0.1564],  actual: [0.0321, 0.0277, -0.1648] (mse: 0.000110)
[0.0228, -0.0175, 0.1865, -29.7114, -12.4611, -172.2318]   ===>   [0.0040, 0.0425, -0.1756],  actual: [0.0100, 0.0365, -0.1625] (mse: 0.000244)
[0.0189, 0.0104, 0.1784, 6.5389, 0.8797, -173.5395]   ===>   [0.0070, 0.0676, -0.1521],  actual: [0.0103, 0.0666, -0.1589] (mse: 0.000058)
[0.0130, -0.0278, 0.1919, 26.5960, 0.5782, -166.0360]   ===>   [0.0197, 0.0209, -0.1488],  actual: [0.0212, 0.0266, -0.1647] (mse: 0.000288)
[0.0132, 0.0009, 0.1763, -71.9985, 15.6152, -168.5245]   ===>   [0.0249, 0.0626, -0.1666],  actual: [0.0188, 0.0549, -0.1627] (mse: 0.000113)
[0.0249, -0.0240, 0.1919, -66.4967, 13.3159, -172.6432]   ===>   [0.0136, 0.0188, -0.1711],  actual: [0.0110, 0.0290, -0.1628] (mse: 0.000180)
[0.0099, 0.0142, 0.1785, -23.7283, -9.6471, -160.7622]   ===>   [0.0104, 0.0759, -0.1507],  actual: [0.0183, 0.0720, -0.1618] (mse: 0.000199)
[-0.0121, -0.0416, 0.1947, 47.4936, 1.9087, -164.9722]   ===>   [0.0453, 0.0120, -0.1663],  actual: [0.0493, 0.0158, -0.1672] (mse: 0.000031)
[0.0014, -0.0257, 0.1865, -8.7050, 7.9957, -158.2504]   ===>   [0.0369, 0.0265, -0.1567],  actual: [0.0340, 0.0293, -0.1655] (mse: 0.000094)
[0.0211, -0.0327, 0.1919, -88.2488, 19.0543, -168.1003]   ===>   [0.0155, 0.0205, -0.1798],  actual: [0.0160, 0.0217, -0.1623] (mse: 0.000307)
[0.0109, -0.0273, 0.1789, 16.7397, 15.0993, -158.0123]   ===>   [0.0224, 0.0170, -0.1579],  actual: [0.0256, 0.0249, -0.1635] (mse: 0.000104)
[0.0174, -0.0256, 0.1892, 67.7761, -6.3488, -166.2829]   ===>   [0.0174, 0.0209, -0.1611],  actual: [0.0184, 0.0262, -0.1633] (mse: 0.000034)
[0.0172, -0.0342, 0.1865, -68.7935, 11.0877, -169.0610]   ===>   [0.0163, 0.0122, -0.1675],  actual: [0.0196, 0.0206, -0.1623] (mse: 0.000107)
[-0.0151, -0.0155, 0.1814, 8.6856, -4.6452, -155.4233]   ===>   [0.0569, 0.0386, -0.1610],  actual: [0.0498, 0.0406, -0.1675] (mse: 0.000097)
[-0.0314, -0.0200, 0.1839, -43.9277, 13.8200, -156.0087]   ===>   [0.0643, 0.0448, -0.1734],  actual: [0.0684, 0.0392, -0.1689] (mse: 0.000069)
[0.0195, -0.0379, 0.1946, 51.3415, -8.3384, -172.1562]   ===>   [0.0221, 0.0114, -0.1662],  actual: [0.0164, 0.0150, -0.1643] (mse: 0.000048)
[-0.0040, -0.0423, 0.1919, -19.5045, 17.1318, -168.3710]   ===>   [0.0482, 0.0149, -0.1690],  actual: [0.0438, 0.0146, -0.1671] (mse: 0.000023)
[-0.0033, -0.0122, 0.1789, 11.2344, -5.0240, -170.0427]   ===>   [0.0374, 0.0409, -0.1658],  actual: [0.0353, 0.0448, -0.1656] (mse: 0.000020)
[0.0254, -0.0122, 0.1947, -83.8730, 11.8064, 178.0113]   ===>   [-0.0162, 0.0710, -0.1963],  actual: [0.0110, 0.0407, -0.1615] (mse: 0.002872)
[0.0140, -0.0418, 0.1919, -87.1552, 7.5513, -165.0748]   ===>   [0.0278, 0.0179, -0.1682],  actual: [0.0233, 0.0135, -0.1635] (mse: 0.000062)
[-0.0177, -0.0258, 0.1676, -47.4813, 12.8078, -154.1734]   ===>   [0.0609, 0.0264, -0.1770],  actual: [0.0566, 0.0303, -0.1665] (mse: 0.000144)
[0.0115, -0.0360, 0.1892, -13.8851, 2.0846, -167.6664]   ===>   [0.0230, 0.0105, -0.1463],  actual: [0.0258, 0.0186, -0.1634] (mse: 0.000365)
[-0.0177, -0.0392, 0.1892, 51.8674, -2.3761, -170.9922]   ===>   [0.0594, 0.0193, -0.1687],  actual: [0.0545, 0.0183, -0.1688] (mse: 0.000024)
[-0.0009, -0.0270, 0.1892, -63.6017, -9.5809, -156.0552]   ===>   [0.0357, 0.0296, -0.1712],  actual: [0.0343, 0.0309, -0.1659] (mse: 0.000032)
[-0.0041, -0.0088, 0.1719, -66.9836, 13.8681, -158.4277]   ===>   [0.0391, 0.0535, -0.1518],  actual: [0.0382, 0.0467, -0.1655] (mse: 0.000235)
[-0.0078, 0.0010, 0.1812, -59.8121, 24.3736, -166.9839]   ===>   [0.0458, 0.0570, -0.1616],  actual: [0.0430, 0.0575, -0.1662] (mse: 0.000030)
[0.0015, -0.0266, 0.1892, 47.1089, 4.3795, -167.4147]   ===>   [0.0319, 0.0275, -0.1459],  actual: [0.0333, 0.0287, -0.1650] (mse: 0.000369)
[0.0206, -0.0249, 0.1919, 79.1744, 7.8029, -161.2383]   ===>   [0.0156, 0.0298, -0.1647],  actual: [0.0150, 0.0274, -0.1630] (mse: 0.000009)
[0.0253, -0.0397, 0.1947, -50.2203, -2.9690, -160.6551]   ===>   [0.0143, 0.0121, -0.1648],  actual: [0.0115, 0.0152, -0.1609] (mse: 0.000033)
[0.0023, -0.0415, 0.1892, -62.5229, -0.7312, -173.8163]   ===>   [0.0321, 0.0149, -0.1690],  actual: [0.0355, 0.0149, -0.1655] (mse: 0.000024)
[0.0085, -0.0391, 0.1892, 15.5660, 13.0410, -156.6781]   ===>   [0.0311, 0.0185, -0.1558],  actual: [0.0298, 0.0148, -0.1635] (mse: 0.000075)
[0.0119, -0.0405, 0.1892, 9.1047, 12.7690, -163.9706]   ===>   [0.0290, 0.0155, -0.1606],  actual: [0.0263, 0.0134, -0.1642] (mse: 0.000025)
[-0.0095, -0.0241, 0.1892, 83.4680, -7.5381, -165.4633]   ===>   [0.0425, 0.0348, -0.1768],  actual: [0.0464, 0.0308, -0.1677] (mse: 0.000113)
[-0.0318, -0.0215, 0.1862, -68.3582, 21.4281, -159.9528]   ===>   [0.0620, 0.0494, -0.1799],  actual: [0.0691, 0.0381, -0.1685] (mse: 0.000310)
[-0.0216, -0.0293, 0.1789, 9.2067, 6.8812, -161.0818]   ===>   [0.0677, 0.0355, -0.1790],  actual: [0.0599, 0.0270, -0.1690] (mse: 0.000232)
[-0.0132, -0.0398, 0.1946, 52.0961, -3.0723, -169.3594]   ===>   [0.0491, 0.0149, -0.1654],  actual: [0.0507, 0.0180, -0.1681] (mse: 0.000019)
[-0.0281, -0.0109, 0.1813, -56.0411, 21.1589, -169.0991]   ===>   [0.0676, 0.0494, -0.1724],  actual: [0.0665, 0.0486, -0.1690] (mse: 0.000014)
[0.0084, -0.0457, 0.2065, 48.1043, 10.0853, -165.2286]   ===>   [0.0368, 0.0071, -0.1754],  actual: [0.0297, 0.0119, -0.1656] (mse: 0.000169)
[-0.0142, -0.0429, 0.1864, 2.1392, -5.3238, -170.3487]   ===>   [0.0568, 0.0184, -0.1708],  actual: [0.0531, 0.0142, -0.1676] (mse: 0.000041)
[0.0267, -0.0458, 0.1984, -55.9868, 6.3227, -160.2580]   ===>   [0.0165, 0.0148, -0.1745],  actual: [0.0113, 0.0108, -0.1604] (mse: 0.000243)
[0.0211, 0.0144, 0.1828, 10.7124, -1.0711, -153.1641]   ===>   [0.0087, 0.0599, -0.1582],  actual: [0.0074, 0.0683, -0.1582] (mse: 0.000072)
[0.0202, -0.0337, 0.1864, -45.3962, 13.8181, -170.0277]   ===>   [0.0191, 0.0143, -0.1636],  actual: [0.0176, 0.0192, -0.1618] (mse: 0.000029)
[0.0234, -0.0353, 0.1947, 77.1152, -2.3349, -175.8671]   ===>   [0.0195, 0.0170, -0.1706],  actual: [0.0142, 0.0186, -0.1615] (mse: 0.000113)
[-0.0109, -0.0416, 0.1865, 72.7293, -8.0589, -176.0726]   ===>   [0.0499, 0.0075, -0.1664],  actual: [0.0494, 0.0136, -0.1675] (mse: 0.000038)
[0.0247, 0.0090, 0.2025, 86.3360, -1.4500, -173.9111]   ===>   [0.0145, 0.0513, -0.1571],  actual: [0.0073, 0.0602, -0.1594] (mse: 0.000136)
[0.0107, -0.0316, 0.1946, 10.4985, 0.3070, -165.2441]   ===>   [0.0228, 0.0121, -0.1486],  actual: [0.0253, 0.0237, -0.1640] (mse: 0.000380)
[0.0142, -0.0416, 0.1947, 24.0128, 3.5925, -161.6027]   ===>   [0.0255, 0.0037, -0.1485],  actual: [0.0230, 0.0129, -0.1634] (mse: 0.000311)
[0.0068, -0.0203, 0.1814, -32.3732, -5.6292, -164.5790]   ===>   [0.0258, 0.0331, -0.1740],  actual: [0.0272, 0.0341, -0.1650] (mse: 0.000085)
[0.0232, -0.0410, 0.1865, -4.5496, 18.3198, -157.9389]   ===>   [0.0159, 0.0162, -0.1765],  actual: [0.0148, 0.0109, -0.1613] (mse: 0.000260)
[-0.0056, -0.0048, 0.1814, -9.5765, 1.3938, -150.6858]   ===>   [0.0269, 0.0483, -0.1474],  actual: [0.0393, 0.0503, -0.1655] (mse: 0.000486)
[0.0166, -0.0325, 0.1892, 52.2173, -2.2308, -173.9600]   ===>   [0.0202, 0.0166, -0.1533],  actual: [0.0193, 0.0212, -0.1627] (mse: 0.000110)
[-0.0124, -0.0308, 0.1891, 39.6835, -1.6761, -168.8081]   ===>   [0.0473, 0.0228, -0.1586],  actual: [0.0481, 0.0263, -0.1660] (mse: 0.000068)
[0.0236, -0.0380, 0.1788, -86.2445, 2.5475, -158.1994]   ===>   [0.0241, -0.0012, -0.1569],  actual: [0.0112, 0.0146, -0.1607] (mse: 0.000430)
[0.0218, -0.0293, 0.1838, 80.2646, 6.9508, -160.7256]   ===>   [0.0220, 0.0217, -0.1507],  actual: [0.0142, 0.0212, -0.1635] (mse: 0.000224)
[-0.0249, -0.0378, 0.1813, 16.9044, -1.6874, -165.4960]   ===>   [0.0689, 0.0194, -0.1777],  actual: [0.0633, 0.0197, -0.1669] (mse: 0.000147)
[0.0027, -0.0410, 0.1919, -47.5821, 7.4417, -159.7346]   ===>   [0.0416, 0.0154, -0.1611],  actual: [0.0347, 0.0152, -0.1645] (mse: 0.000059)
[0.0098, -0.0232, 0.1891, -53.9314, 17.2272, -152.7460]   ===>   [0.0219, 0.0283, -0.1568],  actual: [0.0245, 0.0315, -0.1649] (mse: 0.000083)
[-0.0180, 0.0083, 0.1862, 84.2642, 21.5348, -176.1469]   ===>   [0.0564, 0.0699, -0.1649],  actual: [0.0495, 0.0703, -0.1663] (mse: 0.000050)
[-0.0050, -0.0292, 0.1839, -49.4625, 9.6756, -159.4875]   ===>   [0.0450, 0.0195, -0.1581],  actual: [0.0419, 0.0265, -0.1664] (mse: 0.000128)
[0.0086, -0.0149, 0.1892, 77.5260, -6.3265, -176.6184]   ===>   [0.0282, 0.0368, -0.1778],  actual: [0.0249, 0.0382, -0.1649] (mse: 0.000179)
[0.0117, -0.0346, 0.1947, -58.1623, -4.7848, -164.4934]   ===>   [0.0227, 0.0105, -0.1546],  actual: [0.0238, 0.0225, -0.1637] (mse: 0.000229)
[0.0093, -0.0237, 0.1813, -46.4701, -2.0631, -171.9307]   ===>   [0.0228, 0.0279, -0.1782],  actual: [0.0255, 0.0305, -0.1649] (mse: 0.000191)
[0.0042, -0.0083, 0.1740, -0.4872, 19.5508, -151.6737]   ===>   [0.0300, 0.0461, -0.1601],  actual: [0.0301, 0.0455, -0.1652] (mse: 0.000027)
[-0.0077, -0.0407, 0.1947, 52.0772, -2.1441, -170.9997]   ===>   [0.0422, 0.0114, -0.1595],  actual: [0.0450, 0.0166, -0.1671] (mse: 0.000093)
[-0.0191, 0.0044, 0.1912, 82.4513, 24.8348, -157.3589]   ===>   [0.0584, 0.0761, -0.1432],  actual: [0.0533, 0.0666, -0.1662] (mse: 0.000643)
[0.0049, -0.0408, 0.1918, -47.2834, 8.6534, -160.5533]   ===>   [0.0375, 0.0158, -0.1595],  actual: [0.0328, 0.0150, -0.1642] (mse: 0.000044)
[0.0229, -0.0390, 0.1919, 23.7300, 11.0543, -157.0583]   ===>   [0.0183, 0.0094, -0.1553],  actual: [0.0148, 0.0136, -0.1607] (mse: 0.000059)
[0.0050, -0.0288, 0.1919, -66.7997, 8.3140, -160.6601]   ===>   [0.0303, 0.0258, -0.1492],  actual: [0.0305, 0.0273, -0.1644] (mse: 0.000233)
[0.0179, -0.0222, 0.1892, 69.2918, 0.0783, -175.8564]   ===>   [0.0175, 0.0262, -0.1647],  actual: [0.0165, 0.0316, -0.1638] (mse: 0.000032)
[0.0054, 0.0111, 0.1720, 40.9417, -11.4522, -160.8490]   ===>   [0.0248, 0.0622, -0.1722],  actual: [0.0242, 0.0666, -0.1644] (mse: 0.000080)
[-0.0111, -0.0247, 0.1839, -11.2335, -1.9699, -160.2965]   ===>   [0.0452, 0.0311, -0.1624],  actual: [0.0462, 0.0315, -0.1676] (mse: 0.000028)
[0.0105, 0.0049, 0.1763, 16.5533, -7.5900, -156.2137]   ===>   [0.0170, 0.0515, -0.1503],  actual: [0.0199, 0.0595, -0.1619] (mse: 0.000208)
[0.0166, -0.0422, 0.1947, 18.8393, -8.1406, -172.1119]   ===>   [0.0209, 0.0116, -0.1639],  actual: [0.0209, 0.0128, -0.1631] (mse: 0.000002)
[0.0222, -0.0138, 0.1865, 38.5151, -10.5197, -175.0379]   ===>   [0.0097, 0.0375, -0.1594],  actual: [0.0105, 0.0393, -0.1627] (mse: 0.000015)
[-0.0148, -0.0341, 0.1720, -53.2084, 2.8909, -169.5799]   ===>   [0.0541, 0.0095, -0.1662],  actual: [0.0548, 0.0214, -0.1663] (mse: 0.000142)
[0.0217, 0.0120, 0.1825, 9.3634, -2.1007, -157.2048]   ===>   [0.0066, 0.0578, -0.1557],  actual: [0.0082, 0.0661, -0.1592] (mse: 0.000083)
[-0.0064, -0.0185, 0.1839, 12.7837, -7.2714, -163.7746]   ===>   [0.0382, 0.0382, -0.1609],  actual: [0.0421, 0.0365, -0.1669] (mse: 0.000054)
[-0.0244, 0.0090, 0.1697, -30.0973, 12.4680, -149.2634]   ===>   [0.0793, 0.0570, -0.1797],  actual: [0.0596, 0.0688, -0.1668] (mse: 0.000694)
[-0.0090, -0.0275, 0.1839, -11.2324, -1.5580, -160.4189]   ===>   [0.0438, 0.0282, -0.1619],  actual: [0.0447, 0.0279, -0.1676] (mse: 0.000033)
[0.0026, -0.0416, 0.1919, -63.9552, 14.8402, -155.5836]   ===>   [0.0405, 0.0213, -0.1658],  actual: [0.0347, 0.0152, -0.1645] (mse: 0.000073)
[0.0143, 0.0100, 0.1696, -58.7039, -3.1715, -158.8649]   ===>   [0.0129, 0.0735, -0.1469],  actual: [0.0141, 0.0663, -0.1597] (mse: 0.000219)
[0.0218, -0.0289, 0.1919, 51.4239, -4.2556, -171.0593]   ===>   [0.0200, 0.0164, -0.1601],  actual: [0.0142, 0.0243, -0.1633] (mse: 0.000106)
[-0.0062, -0.0223, 0.1765, -26.5232, -7.4863, -163.0697]   ===>   [0.0408, 0.0312, -0.1619],  actual: [0.0405, 0.0341, -0.1669] (mse: 0.000033)
[-0.0150, -0.0016, 0.2006, 3.8237, 19.3865, -152.6254]   ===>   [0.0436, 0.0653, -0.1931],  actual: [0.0489, 0.0553, -0.1676] (mse: 0.000781)
[-0.0133, -0.0446, 0.1892, -42.0133, 6.3741, -167.5493]   ===>   [0.0510, 0.0142, -0.1682],  actual: [0.0519, 0.0140, -0.1672] (mse: 0.000002)
[0.0205, -0.0312, 0.1918, 3.6711, -8.1397, -165.0719]   ===>   [0.0176, 0.0174, -0.1667],  actual: [0.0155, 0.0223, -0.1622] (mse: 0.000049)
[-0.0151, -0.0286, 0.1676, -52.1711, 4.2436, -165.5536]   ===>   [0.0567, 0.0241, -0.1686],  actual: [0.0549, 0.0262, -0.1669] (mse: 0.000011)
[0.0202, 0.0109, 0.1814, 24.2821, -9.2447, -164.6722]   ===>   [0.0079, 0.0611, -0.1489],  actual: [0.0092, 0.0649, -0.1594] (mse: 0.000126)
[0.0043, -0.0405, 0.1892, 8.7153, 6.9049, -160.5041]   ===>   [0.0419, 0.0088, -0.1556],  actual: [0.0330, 0.0140, -0.1659] (mse: 0.000212)
[-0.0187, -0.0378, 0.1789, -47.8944, 6.9159, -162.1912]   ===>   [0.0588, 0.0135, -0.1684],  actual: [0.0580, 0.0189, -0.1685] (mse: 0.000030)
[0.0198, 0.0156, 0.1838, 8.2851, -16.0970, -161.0058]   ===>   [0.0068, 0.0765, -0.1641],  actual: [0.0078, 0.0699, -0.1586] (mse: 0.000076)
[-0.0078, -0.0416, 0.1892, -48.6174, 3.8080, -159.6190]   ===>   [0.0401, 0.0173, -0.1656],  actual: [0.0448, 0.0164, -0.1664] (mse: 0.000024)
[-0.0333, -0.0155, 0.1917, 7.4131, -10.5819, -156.5114]   ===>   [0.0812, 0.0471, -0.1764],  actual: [0.0662, 0.0442, -0.1689] (mse: 0.000289)
[0.0158, 0.0068, 0.1788, 17.0030, -10.7751, -168.0559]   ===>   [0.0123, 0.0566, -0.1532],  actual: [0.0134, 0.0620, -0.1600] (mse: 0.000077)
[0.0223, -0.0008, 0.1839, -69.2913, 7.3721, -157.9768]   ===>   [0.0074, 0.0506, -0.1653],  actual: [0.0080, 0.0532, -0.1606] (mse: 0.000029)
[-0.0305, -0.0340, 0.1838, -67.2101, 13.9428, -156.4135]   ===>   [0.0710, 0.0231, -0.1681],  actual: [0.0689, 0.0253, -0.1675] (mse: 0.000010)
[0.0113, -0.0324, 0.1947, 56.1596, -3.0487, -172.7110]   ===>   [0.0244, 0.0246, -0.1544],  actual: [0.0244, 0.0222, -0.1634] (mse: 0.000088)
[0.0077, -0.0022, 0.1803, -1.1630, -6.9551, -160.7945]   ===>   [0.0213, 0.0505, -0.1404],  actual: [0.0238, 0.0534, -0.1618] (mse: 0.000470)
[0.0143, -0.0294, 0.1839, 15.2428, 18.6586, -152.1043]   ===>   [0.0240, 0.0251, -0.1630],  actual: [0.0233, 0.0229, -0.1632] (mse: 0.000006)
[0.0212, -0.0197, 0.1919, 51.6932, -2.1399, -176.1772]   ===>   [0.0122, 0.0246, -0.1610],  actual: [0.0122, 0.0339, -0.1622] (mse: 0.000088)
[0.0139, -0.0310, 0.1892, -47.7222, -7.0108, -168.4636]   ===>   [0.0224, 0.0160, -0.1567],  actual: [0.0210, 0.0239, -0.1647] (mse: 0.000129)
[0.0049, -0.0099, 0.1765, -62.2739, 24.5240, -167.9239]   ===>   [0.0380, 0.0439, -0.1660],  actual: [0.0303, 0.0446, -0.1654] (mse: 0.000061)
[0.0186, -0.0357, 0.1892, 41.7171, 5.0048, -172.3449]   ===>   [0.0179, 0.0101, -0.1557],  actual: [0.0171, 0.0181, -0.1616] (mse: 0.000100)
[-0.0259, 0.0118, 0.1891, -82.6113, 27.1027, -172.9351]   ===>   [0.0699, 0.0739, -0.1631],  actual: [0.0590, 0.0701, -0.1666] (mse: 0.000146)
[0.0247, -0.0236, 0.1892, 16.5490, 10.3126, -153.1082]   ===>   [0.0101, 0.0267, -0.1525],  actual: [0.0103, 0.0279, -0.1617] (mse: 0.000086)
[0.0147, -0.0372, 0.1919, -29.0691, 8.9924, -161.2721]   ===>   [0.0264, 0.0132, -0.1474],  actual: [0.0231, 0.0173, -0.1627] (mse: 0.000260)
[0.0216, 0.0146, 0.1789, 31.9633, -12.4233, -165.9417]   ===>   [0.0060, 0.0671, -0.1631],  actual: [0.0068, 0.0682, -0.1583] (mse: 0.000025)
[0.0230, -0.0422, 0.1946, 45.7889, -2.8530, -163.3483]   ===>   [0.0249, 0.0043, -0.1598],  actual: [0.0155, 0.0107, -0.1618] (mse: 0.000134)
[0.0030, -0.0088, 0.1742, -83.8722, 13.3148, -163.6026]   ===>   [0.0312, 0.0543, -0.1534],  actual: [0.0302, 0.0468, -0.1642] (mse: 0.000174)
[-0.0330, -0.0405, 0.1976, -18.4324, -13.6360, -170.9374]   ===>   [0.0889, 0.0366, -0.2236],  actual: [0.0686, 0.0227, -0.1675] (mse: 0.003755)
[-0.0192, -0.0378, 0.1839, -9.9007, 10.4500, -160.0782]   ===>   [0.0556, 0.0184, -0.1608],  actual: [0.0585, 0.0197, -0.1687] (mse: 0.000073)
[0.0001, 0.0046, 0.1720, -60.2131, 23.3870, -165.2009]   ===>   [0.0366, 0.0689, -0.1770],  actual: [0.0337, 0.0601, -0.1642] (mse: 0.000250)
[0.0045, -0.0342, 0.1919, 5.2142, -1.7696, -159.3147]   ===>   [0.0315, 0.0162, -0.1503],  actual: [0.0317, 0.0211, -0.1645] (mse: 0.000225)
[0.0062, -0.0287, 0.1865, 4.0751, 3.2618, -158.5905]   ===>   [0.0311, 0.0185, -0.1527],  actual: [0.0296, 0.0254, -0.1639] (mse: 0.000175)
[0.0026, -0.0081, 0.1718, -38.2719, -9.4477, -165.8445]   ===>   [0.0277, 0.0550, -0.1500],  actual: [0.0298, 0.0477, -0.1637] (mse: 0.000247)
[0.0155, -0.0358, 0.1976, 13.7815, -2.4650, -170.6901]   ===>   [0.0218, 0.0083, -0.1580],  actual: [0.0218, 0.0199, -0.1624] (mse: 0.000153)
[0.0211, -0.0382, 0.1865, -75.2937, -1.1188, -170.7858]   ===>   [0.0155, 0.0173, -0.1727],  actual: [0.0154, 0.0160, -0.1613] (mse: 0.000131)
[0.0224, 0.0065, 0.1814, -51.7581, -0.5922, -159.1807]   ===>   [0.0095, 0.0536, -0.1577],  actual: [0.0068, 0.0611, -0.1594] (mse: 0.000067)
[0.0047, -0.0172, 0.1676, -45.9441, 12.4120, -168.2370]   ===>   [0.0330, 0.0400, -0.1519],  actual: [0.0313, 0.0358, -0.1653] (mse: 0.000200)
[-0.0231, 0.0093, 0.1890, -87.0625, 25.6394, -174.4813]   ===>   [0.0655, 0.0704, -0.1645],  actual: [0.0564, 0.0674, -0.1662] (mse: 0.000095)
[-0.0049, -0.0181, 0.1836, 17.6506, -7.1500, -169.9161]   ===>   [0.0352, 0.0386, -0.1645],  actual: [0.0391, 0.0384, -0.1662] (mse: 0.000018)
[-0.0362, -0.0036, 0.1976, -42.9454, -19.3744, -172.1332]   ===>   [0.0837, 0.0911, -0.2084],  actual: [0.0660, 0.0617, -0.1695] (mse: 0.002691)
[0.0026, -0.0181, 0.1741, -73.5025, 5.4579, -169.8293]   ===>   [0.0354, 0.0471, -0.1576],  actual: [0.0324, 0.0362, -0.1654] (mse: 0.000187)
[-0.0088, -0.0291, 0.1919, -42.3433, 24.1321, -153.2566]   ===>   [0.0367, 0.0328, -0.1794],  actual: [0.0463, 0.0276, -0.1662] (mse: 0.000292)
[0.0245, -0.0249, 0.1864, -24.3497, -6.6141, -172.3297]   ===>   [0.0122, 0.0320, -0.1743],  actual: [0.0099, 0.0282, -0.1619] (mse: 0.000173)
[0.0024, -0.0341, 0.1919, -60.5193, 17.4895, -158.2997]   ===>   [0.0388, 0.0268, -0.1629],  actual: [0.0345, 0.0221, -0.1649] (mse: 0.000044)
[-0.0224, -0.0417, 0.1839, -6.6457, 1.6447, -164.8298]   ===>   [0.0585, 0.0157, -0.1769],  actual: [0.0606, 0.0168, -0.1681] (mse: 0.000082)
[-0.0023, -0.0035, 0.1742, 41.5218, -13.4375, -168.2163]   ===>   [0.0420, 0.0592, -0.1769],  actual: [0.0349, 0.0519, -0.1643] (mse: 0.000264)
[-0.0259, -0.0368, 0.1839, -11.2815, -8.9115, -159.5473]   ===>   [0.0647, 0.0180, -0.1628],  actual: [0.0635, 0.0217, -0.1673] (mse: 0.000035)
[0.0116, 0.0016, 0.1742, 17.5232, -9.1887, -168.0867]   ===>   [0.0152, 0.0523, -0.1592],  actual: [0.0191, 0.0567, -0.1615] (mse: 0.000040)
[-0.0302, -0.0262, 0.1839, -38.8963, 13.4977, -160.9836]   ===>   [0.0624, 0.0363, -0.1748],  actual: [0.0689, 0.0333, -0.1685] (mse: 0.000091)
[-0.0310, -0.0308, 0.1838, 14.4892, -6.5115, -159.1679]   ===>   [0.0754, 0.0301, -0.1721],  actual: [0.0677, 0.0279, -0.1677] (mse: 0.000084)
[0.0069, -0.0203, 0.1839, 75.7818, -8.9407, -179.3403]   ===>   [0.0383, 0.0416, -0.1755],  actual: [0.0276, 0.0332, -0.1658] (mse: 0.000278)
[0.0115, -0.0417, 0.1919, 77.5094, 0.3919, -178.9219]   ===>   [0.0264, 0.0113, -0.1636],  actual: [0.0260, 0.0129, -0.1644] (mse: 0.000003)
[-0.0017, 0.0134, 0.1789, 28.4951, -17.0796, -163.2682]   ===>   [0.0316, 0.0645, -0.1647],  actual: [0.0305, 0.0698, -0.1638] (mse: 0.000030)
[-0.0305, -0.0248, 0.1839, -59.4287, 20.4361, -156.6750]   ===>   [0.0614, 0.0422, -0.1692],  actual: [0.0685, 0.0352, -0.1685] (mse: 0.000100)
[-0.0091, -0.0296, 0.1814, -11.8011, -3.9051, -160.1997]   ===>   [0.0459, 0.0276, -0.1672],  actual: [0.0442, 0.0259, -0.1677] (mse: 0.000006)
[0.0204, -0.0359, 0.1918, 51.3213, -6.8494, -171.5924]   ===>   [0.0207, 0.0125, -0.1611],  actual: [0.0160, 0.0167, -0.1641] (mse: 0.000049)
[-0.0008, -0.0407, 0.1919, -71.4202, 13.1550, -169.7038]   ===>   [0.0437, 0.0186, -0.1685],  actual: [0.0385, 0.0164, -0.1668] (mse: 0.000034)
[0.0048, -0.0192, 0.1919, 39.3724, -8.1028, -168.2693]   ===>   [0.0305, 0.0421, -0.1492],  actual: [0.0281, 0.0355, -0.1651] (mse: 0.000304)
[0.0080, -0.0232, 0.1892, -51.4634, 18.3806, -158.6682]   ===>   [0.0233, 0.0300, -0.1610],  actual: [0.0273, 0.0321, -0.1648] (mse: 0.000034)
[-0.0091, -0.0226, 0.1890, 17.5906, -7.1019, -169.7636]   ===>   [0.0452, 0.0313, -0.1610],  actual: [0.0448, 0.0332, -0.1675] (mse: 0.000045)
[0.0219, -0.0191, 0.1865, 38.1397, -12.0539, -172.9897]   ===>   [0.0125, 0.0254, -0.1600],  actual: [0.0117, 0.0334, -0.1636] (mse: 0.000078)
[0.0245, -0.0294, 0.1865, 37.1452, -4.0496, -169.1710]   ===>   [0.0141, 0.0118, -0.1598],  actual: [0.0106, 0.0224, -0.1613] (mse: 0.000128)
[-0.0132, -0.0139, 0.1764, 41.7227, -5.7900, -177.0809]   ===>   [0.0557, 0.0345, -0.1793],  actual: [0.0472, 0.0430, -0.1675] (mse: 0.000282)
[0.0230, -0.0355, 0.1917, -59.4363, -0.9276, -170.1433]   ===>   [0.0161, 0.0149, -0.1686],  actual: [0.0136, 0.0190, -0.1615] (mse: 0.000072)
[-0.0187, -0.0399, 0.1813, -49.1511, 3.0388, -159.2033]   ===>   [0.0535, 0.0187, -0.1678],  actual: [0.0565, 0.0181, -0.1683] (mse: 0.000010)
[-0.0269, -0.0329, 0.1720, 36.3442, -5.9751, -159.1373]   ===>   [0.0734, 0.0346, -0.1875],  actual: [0.0679, 0.0221, -0.1677] (mse: 0.000580)
[0.0167, -0.0262, 0.1838, 55.6832, 9.8753, -174.8128]   ===>   [0.0252, 0.0316, -0.1456],  actual: [0.0173, 0.0273, -0.1618] (mse: 0.000345)
[0.0227, -0.0375, 0.1740, -79.3402, -8.2643, -156.3700]   ===>   [0.0272, 0.0026, -0.1449],  actual: [0.0112, 0.0149, -0.1603] (mse: 0.000643)
[-0.0036, -0.0398, 0.1892, -8.0919, 8.8172, -158.3651]   ===>   [0.0486, 0.0160, -0.1562],  actual: [0.0415, 0.0162, -0.1665] (mse: 0.000157)
[0.0175, -0.0313, 0.1865, -45.3178, 14.3059, -171.7194]   ===>   [0.0231, 0.0128, -0.1620],  actual: [0.0200, 0.0223, -0.1624] (mse: 0.000099)
[-0.0243, -0.0415, 0.1814, -40.0909, 18.4062, -173.6633]   ===>   [0.0626, 0.0144, -0.1752],  actual: [0.0672, 0.0180, -0.1678] (mse: 0.000088)
[0.0253, -0.0303, 0.1919, 37.2304, 8.0559, -161.1386]   ===>   [0.0088, 0.0138, -0.1495],  actual: [0.0108, 0.0221, -0.1618] (mse: 0.000226)
[-0.0301, -0.0420, 0.1839, 2.6738, 0.9065, -165.8357]   ===>   [0.0690, 0.0208, -0.1860],  actual: [0.0686, 0.0178, -0.1671] (mse: 0.000365)
[-0.0052, -0.0193, 0.1813, 13.9131, -8.2490, -169.8175]   ===>   [0.0367, 0.0385, -0.1699],  actual: [0.0392, 0.0373, -0.1667] (mse: 0.000018)
[0.0061, -0.0302, 0.1919, -65.7062, 2.4140, -157.4127]   ===>   [0.0304, 0.0204, -0.1527],  actual: [0.0289, 0.0261, -0.1641] (mse: 0.000165)
[0.0085, -0.0219, 0.1919, -74.2240, 13.9187, -156.3936]   ===>   [0.0191, 0.0363, -0.1553],  actual: [0.0256, 0.0335, -0.1649] (mse: 0.000143)
[0.0189, -0.0147, 0.1891, -49.7525, -7.1306, -173.4320]   ===>   [0.0137, 0.0401, -0.1558],  actual: [0.0141, 0.0399, -0.1640] (mse: 0.000067)
[-0.0091, -0.0420, 0.1864, -60.9280, -10.0006, -169.5580]   ===>   [0.0532, 0.0219, -0.1838],  actual: [0.0464, 0.0160, -0.1670] (mse: 0.000363)
[0.0112, -0.0129, 0.1863, -52.8125, 18.5982, -165.1250]   ===>   [0.0209, 0.0449, -0.1518],  actual: [0.0236, 0.0405, -0.1649] (mse: 0.000199)
[-0.0299, -0.0363, 0.1789, -37.7597, -8.8870, -165.8795]   ===>   [0.0742, 0.0198, -0.1743],  actual: [0.0689, 0.0229, -0.1673] (mse: 0.000087)
[-0.0315, -0.0223, 0.1814, -8.7456, 14.0374, -156.0429]   ===>   [0.0708, 0.0511, -0.1844],  actual: [0.0699, 0.0373, -0.1687] (mse: 0.000434)
[-0.0125, -0.0168, 0.1864, -17.7504, -7.9640, -159.7897]   ===>   [0.0457, 0.0423, -0.1616],  actual: [0.0464, 0.0401, -0.1676] (mse: 0.000041)
[0.0218, -0.0416, 0.1833, -84.1306, 16.6747, -170.9082]   ===>   [0.0173, 0.0108, -0.1738],  actual: [0.0161, 0.0108, -0.1617] (mse: 0.000148)
[-0.0273, 0.0015, 0.1916, -12.2601, -14.2846, -170.6156]   ===>   [0.0521, 0.0716, -0.1745],  actual: [0.0569, 0.0638, -0.1666] (mse: 0.000146)
[-0.0176, -0.0251, 0.1814, -34.3941, 15.8768, -157.3917]   ===>   [0.0477, 0.0356, -0.1648],  actual: [0.0553, 0.0323, -0.1665] (mse: 0.000072)
[0.0146, -0.0317, 0.1865, 81.9981, 13.1827, -176.0609]   ===>   [0.0362, 0.0281, -0.1574],  actual: [0.0212, 0.0230, -0.1627] (mse: 0.000282)
[0.0050, -0.0194, 0.1698, 1.4879, -3.4218, -167.7591]   ===>   [0.0175, 0.0377, -0.1392],  actual: [0.0298, 0.0335, -0.1657] (mse: 0.000870)
[0.0024, -0.0174, 0.1760, -1.5826, -7.6234, -163.3556]   ===>   [0.0336, 0.0404, -0.1596],  actual: [0.0319, 0.0362, -0.1654] (mse: 0.000055)
[-0.0288, -0.0440, 0.1839, 1.4246, 15.5147, -163.7431]   ===>   [0.0685, 0.0097, -0.1764],  actual: [0.0700, 0.0158, -0.1673] (mse: 0.000123)
[0.0035, -0.0160, 0.1698, -45.8359, 12.7274, -168.0957]   ===>   [0.0349, 0.0403, -0.1517],  actual: [0.0325, 0.0375, -0.1656] (mse: 0.000207)
[-0.0167, -0.0361, 0.1865, -19.0792, -4.3755, -160.4705]   ===>   [0.0535, 0.0200, -0.1579],  actual: [0.0539, 0.0217, -0.1665] (mse: 0.000078)
[0.0218, -0.0038, 0.1892, -70.7045, 21.6368, -158.1447]   ===>   [0.0002, 0.0467, -0.1681],  actual: [0.0103, 0.0503, -0.1606] (mse: 0.000172)
[-0.0093, -0.0231, 0.1765, -64.9585, 15.3323, -170.5095]   ===>   [0.0487, 0.0302, -0.1742],  actual: [0.0478, 0.0322, -0.1664] (mse: 0.000066)
[0.0217, -0.0028, 0.1850, -65.3234, 19.6453, -162.3341]   ===>   [0.0061, 0.0608, -0.1708],  actual: [0.0102, 0.0523, -0.1602] (mse: 0.000202)
[0.0023, -0.0320, 0.1891, 48.4847, 4.6227, -163.1283]   ===>   [0.0347, 0.0222, -0.1495],  actual: [0.0346, 0.0226, -0.1648] (mse: 0.000234)
[0.0204, -0.0254, 0.1892, 55.8649, -2.2979, -169.5576]   ===>   [0.0172, 0.0204, -0.1608],  actual: [0.0146, 0.0272, -0.1634] (mse: 0.000060)
[-0.0236, -0.0398, 0.1839, 20.0029, 7.4666, -162.2120]   ===>   [0.0616, 0.0208, -0.1683],  actual: [0.0628, 0.0178, -0.1672] (mse: 0.000012)
[0.0048, -0.0417, 0.1945, 76.6701, 9.7113, -167.3596]   ===>   [0.0395, 0.0126, -0.1691],  actual: [0.0329, 0.0134, -0.1657] (mse: 0.000055)
[0.0118, -0.0307, 0.1891, 89.5771, 9.3450, -172.6816]   ===>   [0.0380, 0.0288, -0.1526],  actual: [0.0242, 0.0226, -0.1635] (mse: 0.000348)
[-0.0159, -0.0215, 0.1676, 80.2414, 0.0152, -157.0176]   ===>   [0.0403, 0.0338, -0.1845],  actual: [0.0568, 0.0322, -0.1687] (mse: 0.000524)
[0.0030, -0.0427, 0.1947, 75.3806, 5.0901, -176.3261]   ===>   [0.0332, 0.0120, -0.1675],  actual: [0.0343, 0.0134, -0.1663] (mse: 0.000005)
[0.0068, -0.0293, 0.1892, 55.9728, -0.7588, -173.6171]   ===>   [0.0305, 0.0244, -0.1558],  actual: [0.0289, 0.0255, -0.1644] (mse: 0.000077)
[-0.0324, -0.0209, 0.1836, -54.8437, 2.7802, -155.4618]   ===>   [0.0650, 0.0456, -0.1718],  actual: [0.0689, 0.0394, -0.1688] (mse: 0.000063)
[-0.0045, -0.0172, 0.1865, -37.3589, 17.9826, -153.2934]   ===>   [0.0415, 0.0368, -0.1563],  actual: [0.0399, 0.0385, -0.1655] (mse: 0.000090)
[0.0031, -0.0254, 0.1863, -50.0096, 12.3635, -166.0908]   ===>   [0.0389, 0.0235, -0.1585],  actual: [0.0337, 0.0293, -0.1651] (mse: 0.000105)
[0.0000, -0.0224, 0.1919, 67.7642, -1.0258, -158.7660]   ===>   [0.0303, 0.0387, -0.1595],  actual: [0.0364, 0.0315, -0.1662] (mse: 0.000134)
[0.0128, -0.0425, 0.1919, -21.0040, 6.9085, -170.6326]   ===>   [0.0239, 0.0033, -0.1476],  actual: [0.0254, 0.0129, -0.1640] (mse: 0.000363)
[0.0153, -0.0211, 0.1892, -18.9546, 15.4354, -153.2593]   ===>   [0.0199, 0.0355, -0.1415],  actual: [0.0208, 0.0318, -0.1634] (mse: 0.000492)
[-0.0002, -0.0407, 0.1947, -26.3267, 8.9612, -159.4487]   ===>   [0.0500, 0.0163, -0.1543],  actual: [0.0367, 0.0168, -0.1666] (mse: 0.000329)
[-0.0023, -0.0040, 0.1781, 18.2821, -14.6496, -164.6084]   ===>   [0.0304, 0.0497, -0.1691],  actual: [0.0347, 0.0523, -0.1642] (mse: 0.000049)
[-0.0094, -0.0016, 0.1889, -85.4328, 17.7099, -178.5638]   ===>   [0.0490, 0.0633, -0.1660],  actual: [0.0445, 0.0553, -0.1660] (mse: 0.000084)
[0.0237, 0.0023, 0.1836, -0.4909, -4.3808, -166.2810]   ===>   [0.0103, 0.0450, -0.1508],  actual: [0.0068, 0.0568, -0.1603] (mse: 0.000240)
[0.0007, -0.0107, 0.1839, -52.5809, 24.2230, -153.8783]   ===>   [0.0390, 0.0394, -0.1632],  actual: [0.0335, 0.0442, -0.1646] (mse: 0.000056)
[0.0216, -0.0111, 0.1839, 38.1532, -13.2410, -172.5582]   ===>   [0.0083, 0.0416, -0.1628],  actual: [0.0105, 0.0415, -0.1623] (mse: 0.000005)
[0.0191, -0.0313, 0.1865, 60.4251, -0.9998, -156.9495]   ===>   [0.0156, 0.0112, -0.1577],  actual: [0.0182, 0.0197, -0.1623] (mse: 0.000101)
[0.0240, -0.0230, 0.1839, 5.5959, 12.5422, -163.5562]   ===>   [0.0082, 0.0358, -0.1574],  actual: [0.0112, 0.0287, -0.1628] (mse: 0.000088)
[0.0150, -0.0422, 0.1918, -70.4628, -4.1076, -178.3883]   ===>   [0.0190, 0.0088, -0.1698],  actual: [0.0229, 0.0139, -0.1625] (mse: 0.000093)
[-0.0286, 0.0076, 0.1892, -82.3169, 26.1934, 179.4709]   ===>   [0.0203, 0.0567, -0.2031],  actual: [0.0638, 0.0668, -0.1676] (mse: 0.003254)
[-0.0289, 0.0109, 0.1918, -52.1149, 19.4851, -178.2124]   ===>   [0.0648, 0.0815, -0.1668],  actual: [0.0638, 0.0717, -0.1681] (mse: 0.000099)
[-0.0327, -0.0198, 0.1946, 12.4251, 17.9481, -159.6284]   ===>   [0.0587, 0.0559, -0.1612],  actual: [0.0687, 0.0416, -0.1690] (mse: 0.000365)
[-0.0014, -0.0413, 0.1919, -47.8349, 6.4565, -160.3645]   ===>   [0.0436, 0.0147, -0.1646],  actual: [0.0387, 0.0158, -0.1653] (mse: 0.000026)
[-0.0164, -0.0053, 0.1720, -74.4950, 20.0376, -155.4792]   ===>   [0.0542, 0.0547, -0.1739],  actual: [0.0516, 0.0520, -0.1677] (mse: 0.000053)
[0.0201, -0.0017, 0.1869, -7.2897, 3.4335, -154.4938]   ===>   [0.0101, 0.0470, -0.1547],  actual: [0.0105, 0.0528, -0.1600] (mse: 0.000061)
[0.0215, -0.0379, 0.1946, 11.9839, -8.0969, -163.2342]   ===>   [0.0188, 0.0140, -0.1664],  actual: [0.0153, 0.0152, -0.1644] (mse: 0.000017)
[-0.0303, -0.0138, 0.1916, -70.1716, 14.5169, -172.8075]   ===>   [0.0641, 0.0611, -0.1877],  actual: [0.0664, 0.0455, -0.1693] (mse: 0.000589)
[0.0099, -0.0407, 0.2006, 47.7680, 11.0897, -150.1529]   ===>   [0.0281, 0.0168, -0.1564],  actual: [0.0299, 0.0142, -0.1643] (mse: 0.000072)
[-0.0314, -0.0355, 0.1813, -38.7843, -11.8042, -161.9213]   ===>   [0.0735, 0.0209, -0.1693],  actual: [0.0692, 0.0244, -0.1672] (mse: 0.000035)
[0.0251, -0.0245, 0.1838, -8.2206, 11.3309, -163.1897]   ===>   [0.0072, 0.0332, -0.1561],  actual: [0.0107, 0.0267, -0.1625] (mse: 0.000096)
[-0.0123, 0.0058, 0.1698, 54.1758, -13.1993, -166.3770]   ===>   [0.0701, 0.0600, -0.1977],  actual: [0.0444, 0.0628, -0.1660] (mse: 0.001665)
[0.0115, -0.0425, 0.1919, 66.1692, 0.3206, 178.3953]   ===>   [0.0569, 0.0165, -0.1782],  actual: [0.0258, 0.0129, -0.1644] (mse: 0.001173)
[0.0234, -0.0258, 0.1865, 79.2876, 11.2075, -168.8873]   ===>   [0.0182, 0.0299, -0.1476],  actual: [0.0111, 0.0263, -0.1623] (mse: 0.000279)
[-0.0016, -0.0041, 0.1789, 31.0330, -10.6676, -169.8787]   ===>   [0.0336, 0.0557, -0.1631],  actual: [0.0326, 0.0519, -0.1650] (mse: 0.000019)
[-0.0359, -0.0054, 0.1916, -75.2424, 15.7732, -160.8185]   ===>   [0.0673, 0.0673, -0.1847],  actual: [0.0686, 0.0552, -0.1695] (mse: 0.000379)
[-0.0323, -0.0359, 0.1836, 3.9677, -11.0129, -172.0048]   ===>   [0.0792, 0.0218, -0.1724],  actual: [0.0692, 0.0244, -0.1671] (mse: 0.000135)
[0.0250, -0.0265, 0.1919, -42.0538, 19.3199, -163.8495]   ===>   [0.0119, 0.0268, -0.1569],  actual: [0.0114, 0.0263, -0.1626] (mse: 0.000033)
[0.0073, -0.0410, 0.1919, 8.9502, 10.4002, -162.8972]   ===>   [0.0348, 0.0130, -0.1550],  actual: [0.0306, 0.0139, -0.1653] (mse: 0.000124)
[0.0139, -0.0356, 0.1947, -40.0460, 7.0479, -156.9547]   ===>   [0.0292, 0.0186, -0.1518],  actual: [0.0219, 0.0206, -0.1631] (mse: 0.000186)
[0.0149, 0.0098, 0.1713, -80.2319, 8.0734, -158.6741]   ===>   [0.0183, 0.0613, -0.1533],  actual: [0.0136, 0.0670, -0.1598] (mse: 0.000096)
