[0.0248, 0.0141, 0.2133, 51.3031, -7.4096, -169.5726]   ===>   [0.0067, 0.0679, -0.1553],  actual: [0.0070, 0.0656, -0.1587] (mse: 0.000017)
[0.0223, -0.0092, 0.1865, -55.5435, 11.6885, -156.4141]   ===>   [0.0127, 0.0463, -0.1599],  actual: [0.0098, 0.0439, -0.1620] (mse: 0.000019)
[-0.0279, -0.0433, 0.1892, 11.0598, -9.6664, -155.5484]   ===>   [0.0647, 0.0166, -0.1673],  actual: [0.0654, 0.0153, -0.1676] (mse: 0.000002)
[0.0224, -0.0209, 0.1919, 13.4816, -7.5509, -168.4703]   ===>   [0.0140, 0.0326, -0.1642],  actual: [0.0121, 0.0325, -0.1625] (mse: 0.000006)
[-0.0243, -0.0447, 0.1865, -82.4044, 13.4368, -163.7147]   ===>   [0.0628, 0.0151, -0.1671],  actual: [0.0644, 0.0154, -0.1670] (mse: 0.000003)
[0.0045, -0.0342, 0.1919, 5.2142, -1.7696, -159.3147]   ===>   [0.0303, 0.0227, -0.1634],  actual: [0.0317, 0.0211, -0.1645] (mse: 0.000006)
[0.0257, -0.0351, 0.1889, 27.6989, 12.4336, -156.2270]   ===>   [0.0126, 0.0171, -0.1610],  actual: [0.0123, 0.0160, -0.1604] (mse: 0.000002)
[0.0093, 0.0118, 0.1839, 15.0406, -15.0942, -159.7916]   ===>   [0.0189, 0.0638, -0.1643],  actual: [0.0208, 0.0664, -0.1611] (mse: 0.000021)
[0.0245, -0.0357, 0.1918, 47.5455, -2.6979, -165.8267]   ===>   [0.0119, 0.0177, -0.1626],  actual: [0.0133, 0.0170, -0.1614] (mse: 0.000004)
[0.0154, -0.0251, 0.1865, 10.3205, -2.6932, -156.1853]   ===>   [0.0180, 0.0312, -0.1620],  actual: [0.0194, 0.0275, -0.1631] (mse: 0.000017)
[-0.0381, 0.0029, 0.1890, -84.6284, 26.3020, -155.2329]   ===>   [0.0689, 0.0659, -0.1710],  actual: [0.0690, 0.0633, -0.1701] (mse: 0.000007)
[0.0167, -0.0439, 0.1976, -6.7417, -7.9408, -172.5634]   ===>   [0.0199, 0.0130, -0.1633],  actual: [0.0211, 0.0120, -0.1636] (mse: 0.000002)
[0.0142, -0.0116, 0.1814, 86.4528, 11.6388, -175.5857]   ===>   [0.0212, 0.0331, -0.1614],  actual: [0.0180, 0.0420, -0.1641] (mse: 0.000096)
[0.0187, -0.0331, 0.1892, -66.9051, 2.5823, -171.6700]   ===>   [0.0174, 0.0226, -0.1609],  actual: [0.0167, 0.0217, -0.1646] (mse: 0.000016)
[0.0178, -0.0244, 0.1919, -85.2462, -6.1840, -165.9149]   ===>   [0.0129, 0.0331, -0.1624],  actual: [0.0161, 0.0322, -0.1637] (mse: 0.000013)
[0.0160, -0.0371, 0.1947, -51.4945, -7.9057, -168.3422]   ===>   [0.0201, 0.0190, -0.1643],  actual: [0.0202, 0.0195, -0.1628] (mse: 0.000002)
[0.0199, -0.0387, 0.1919, -23.6019, 12.2100, -160.6105]   ===>   [0.0174, 0.0141, -0.1609],  actual: [0.0171, 0.0157, -0.1617] (mse: 0.000003)
[-0.0213, -0.0424, 0.1865, -83.8242, 10.8221, -163.7334]   ===>   [0.0595, 0.0174, -0.1674],  actual: [0.0603, 0.0169, -0.1682] (mse: 0.000002)
[0.0262, -0.0326, 0.1863, 75.0947, 0.7958, -178.3571]   ===>   [0.0123, 0.0192, -0.1644],  actual: [0.0096, 0.0195, -0.1611] (mse: 0.000018)
[0.0048, -0.0192, 0.1919, 39.3724, -8.1028, -168.2693]   ===>   [0.0311, 0.0354, -0.1668],  actual: [0.0281, 0.0355, -0.1651] (mse: 0.000011)
[0.0116, -0.0218, 0.1892, 40.7292, -5.0753, -170.9517]   ===>   [0.0237, 0.0330, -0.1650],  actual: [0.0221, 0.0324, -0.1640] (mse: 0.000004)
[-0.0090, -0.0287, 0.1865, 5.2777, -3.5755, -146.3225]   ===>   [0.0438, 0.0297, -0.1663],  actual: [0.0446, 0.0262, -0.1675] (mse: 0.000014)
[-0.0296, -0.0030, 0.1865, 1.3937, 14.4122, -147.5012]   ===>   [0.0635, 0.0573, -0.1682],  actual: [0.0637, 0.0561, -0.1691] (mse: 0.000002)
[0.0030, -0.0090, 0.1838, -36.4367, -12.4762, -161.8401]   ===>   [0.0279, 0.0494, -0.1666],  actual: [0.0280, 0.0486, -0.1647] (mse: 0.000004)
[-0.0310, -0.0428, 0.1839, 43.0863, -6.3220, -161.8975]   ===>   [0.0681, 0.0162, -0.1703],  actual: [0.0700, 0.0147, -0.1669] (mse: 0.000017)
[-0.0317, -0.0275, 0.1914, -79.9898, 11.4059, -159.8875]   ===>   [0.0665, 0.0337, -0.1690],  actual: [0.0678, 0.0342, -0.1681] (mse: 0.000003)
[0.0189, -0.0294, 0.1890, -5.6813, 2.9982, -170.4953]   ===>   [0.0157, 0.0252, -0.1625],  actual: [0.0171, 0.0238, -0.1646] (mse: 0.000008)
[-0.0295, 0.0113, 0.1889, -20.8309, 20.6741, -154.4030]   ===>   [0.0608, 0.0706, -0.1664],  actual: [0.0632, 0.0720, -0.1672] (mse: 0.000008)
[0.0072, -0.0175, 0.1737, 0.9103, -6.5475, -164.6087]   ===>   [0.0280, 0.0361, -0.1670],  actual: [0.0268, 0.0351, -0.1655] (mse: 0.000005)
[0.0147, 0.0042, 0.1813, 41.6047, 0.9783, -156.3677]   ===>   [0.0160, 0.0552, -0.1596],  actual: [0.0163, 0.0569, -0.1618] (mse: 0.000008)
[0.0089, -0.0423, 0.1947, -31.3457, 10.0014, -163.5513]   ===>   [0.0269, 0.0148, -0.1628],  actual: [0.0289, 0.0140, -0.1648] (mse: 0.000009)
[-0.0054, -0.0210, 0.1891, -33.9815, 19.5833, -172.6680]   ===>   [0.0419, 0.0357, -0.1677],  actual: [0.0439, 0.0372, -0.1658] (mse: 0.000010)
[-0.0001, -0.0233, 0.1838, -10.2267, 9.5234, -166.5062]   ===>   [0.0373, 0.0300, -0.1669],  actual: [0.0371, 0.0319, -0.1656] (mse: 0.000005)
[-0.0158, -0.0049, 0.1814, -83.4829, 26.4566, -175.7472]   ===>   [0.0504, 0.0506, -0.1663],  actual: [0.0524, 0.0520, -0.1673] (mse: 0.000007)
[0.0233, -0.0395, 0.1919, -49.5833, 19.4693, -164.9876]   ===>   [0.0149, 0.0144, -0.1611],  actual: [0.0150, 0.0143, -0.1615] (mse: 0.000000)
[0.0241, -0.0344, 0.1892, -2.2964, -8.4209, -158.6575]   ===>   [0.0104, 0.0196, -0.1612],  actual: [0.0120, 0.0179, -0.1609] (mse: 0.000006)
[-0.0151, -0.0180, 0.1719, -12.2721, -6.2600, -158.9801]   ===>   [0.0482, 0.0381, -0.1660],  actual: [0.0499, 0.0388, -0.1675] (mse: 0.000005)
[0.0195, -0.0379, 0.1946, 51.3415, -8.3384, -172.1562]   ===>   [0.0164, 0.0158, -0.1623],  actual: [0.0164, 0.0150, -0.1643] (mse: 0.000005)
[-0.0281, -0.0399, 0.1838, -47.3105, 9.2362, -150.4692]   ===>   [0.0656, 0.0200, -0.1704],  actual: [0.0659, 0.0200, -0.1671] (mse: 0.000011)
[-0.0026, -0.0428, 0.1892, -41.5944, 6.7504, -167.1740]   ===>   [0.0413, 0.0154, -0.1671],  actual: [0.0400, 0.0140, -0.1670] (mse: 0.000003)
[0.0234, -0.0258, 0.1865, 79.2876, 11.2075, -168.8873]   ===>   [0.0136, 0.0263, -0.1638],  actual: [0.0111, 0.0263, -0.1623] (mse: 0.000008)
[0.0092, -0.0310, 0.1947, -21.3424, 0.7734, -156.9037]   ===>   [0.0251, 0.0234, -0.1636],  actual: [0.0265, 0.0243, -0.1643] (mse: 0.000003)
[-0.0002, -0.0122, 0.1789, 17.5704, -8.2640, -169.5580]   ===>   [0.0327, 0.0435, -0.1644],  actual: [0.0335, 0.0437, -0.1647] (mse: 0.000001)
[0.0207, -0.0395, 0.1838, 8.7138, 7.4203, -161.0229]   ===>   [0.0150, 0.0138, -0.1616],  actual: [0.0157, 0.0119, -0.1614] (mse: 0.000005)
[0.0094, -0.0233, 0.1892, -26.8225, 12.7492, -150.6199]   ===>   [0.0248, 0.0318, -0.1628],  actual: [0.0249, 0.0311, -0.1649] (mse: 0.000005)
[0.0230, -0.0346, 0.1945, -8.5119, 3.1513, -170.3760]   ===>   [0.0149, 0.0187, -0.1629],  actual: [0.0149, 0.0193, -0.1616] (mse: 0.000002)
[-0.0269, -0.0433, 0.1865, 37.0792, -11.6348, -170.6978]   ===>   [0.0627, 0.0163, -0.1667],  actual: [0.0660, 0.0151, -0.1675] (mse: 0.000013)
[0.0226, -0.0394, 0.1976, -22.8729, -2.3340, -170.3717]   ===>   [0.0164, 0.0147, -0.1617],  actual: [0.0139, 0.0172, -0.1612] (mse: 0.000013)
[-0.0102, -0.0115, 0.1740, 41.8378, -5.7435, -176.6284]   ===>   [0.0448, 0.0438, -0.1663],  actual: [0.0440, 0.0452, -0.1668] (mse: 0.000003)
[0.0026, -0.0130, 0.1788, -16.1260, 19.3548, -149.7685]   ===>   [0.0307, 0.0431, -0.1647],  actual: [0.0320, 0.0410, -0.1656] (mse: 0.000007)
[0.0232, -0.0410, 0.1865, -4.5496, 18.3198, -157.9389]   ===>   [0.0138, 0.0105, -0.1618],  actual: [0.0148, 0.0109, -0.1613] (mse: 0.000002)
[0.0191, -0.0331, 0.1947, -52.8283, -2.9134, -167.5952]   ===>   [0.0162, 0.0217, -0.1646],  actual: [0.0164, 0.0222, -0.1646] (mse: 0.000000)
[-0.0227, -0.0435, 0.1892, -73.2438, 18.0254, -164.1757]   ===>   [0.0613, 0.0153, -0.1673],  actual: [0.0622, 0.0160, -0.1682] (mse: 0.000002)
[0.0050, -0.0288, 0.1919, -66.7997, 8.3140, -160.6601]   ===>   [0.0283, 0.0282, -0.1648],  actual: [0.0305, 0.0273, -0.1644] (mse: 0.000006)
[0.0105, 0.0049, 0.1763, 16.5533, -7.5900, -156.2137]   ===>   [0.0199, 0.0610, -0.1604],  actual: [0.0199, 0.0595, -0.1619] (mse: 0.000004)
[0.0052, -0.0021, 0.1742, 53.5646, -2.4055, -161.1419]   ===>   [0.0281, 0.0520, -0.1630],  actual: [0.0273, 0.0510, -0.1623] (mse: 0.000002)
[-0.0019, -0.0401, 0.1919, 52.2727, -2.4115, -170.8394]   ===>   [0.0381, 0.0171, -0.1665],  actual: [0.0392, 0.0157, -0.1661] (mse: 0.000004)
[0.0105, -0.0361, 0.1947, -6.9165, 22.8799, -159.2844]   ===>   [0.0276, 0.0216, -0.1650],  actual: [0.0283, 0.0196, -0.1636] (mse: 0.000006)
[-0.0205, -0.0338, 0.1813, 61.9254, -9.0717, -177.2216]   ===>   [0.0572, 0.0207, -0.1669],  actual: [0.0582, 0.0228, -0.1671] (mse: 0.000005)
[0.0217, -0.0142, 0.1812, -20.7862, 8.4629, -162.4415]   ===>   [0.0118, 0.0392, -0.1654],  actual: [0.0106, 0.0383, -0.1630] (mse: 0.000008)
[0.0211, -0.0175, 0.1919, 51.7135, -2.5307, -176.1890]   ===>   [0.0115, 0.0369, -0.1626],  actual: [0.0119, 0.0360, -0.1619] (mse: 0.000001)
[-0.0111, -0.0247, 0.1839, -11.2335, -1.9699, -160.2965]   ===>   [0.0475, 0.0324, -0.1682],  actual: [0.0462, 0.0315, -0.1676] (mse: 0.000003)
[0.0048, -0.0139, 0.1716, 83.6460, 1.4317, -174.1960]   ===>   [0.0305, 0.0431, -0.1627],  actual: [0.0292, 0.0383, -0.1650] (mse: 0.000030)
[-0.0068, -0.0173, 0.1865, -14.9689, 18.8225, -148.4947]   ===>   [0.0410, 0.0386, -0.1676],  actual: [0.0425, 0.0386, -0.1655] (mse: 0.000007)
[-0.0257, -0.0408, 0.1839, -11.0011, 18.0592, -155.2613]   ===>   [0.0642, 0.0187, -0.1686],  actual: [0.0661, 0.0181, -0.1675] (mse: 0.000005)
[-0.0261, -0.0393, 0.1838, -48.5229, 5.3426, -158.4107]   ===>   [0.0640, 0.0206, -0.1696],  actual: [0.0640, 0.0196, -0.1695] (mse: 0.000001)
[0.0212, 0.0040, 0.1865, 50.7371, -10.7987, -168.1638]   ===>   [0.0098, 0.0546, -0.1594],  actual: [0.0092, 0.0562, -0.1597] (mse: 0.000003)
[-0.0132, -0.0139, 0.1764, 41.7227, -5.7900, -177.0809]   ===>   [0.0482, 0.0418, -0.1670],  actual: [0.0472, 0.0430, -0.1675] (mse: 0.000003)
[-0.0161, -0.0225, 0.1789, -44.4417, 16.3040, -154.0166]   ===>   [0.0529, 0.0324, -0.1668],  actual: [0.0535, 0.0341, -0.1661] (mse: 0.000004)
[0.0117, -0.0123, 0.1892, 24.0988, -9.7067, -161.0887]   ===>   [0.0217, 0.0431, -0.1645],  actual: [0.0212, 0.0413, -0.1650] (mse: 0.000004)
[0.0177, -0.0350, 0.1919, -49.8511, 10.4668, -159.7737]   ===>   [0.0191, 0.0213, -0.1627],  actual: [0.0193, 0.0189, -0.1620] (mse: 0.000006)
[0.0130, -0.0278, 0.1919, 26.5960, 0.5782, -166.0360]   ===>   [0.0215, 0.0275, -0.1628],  actual: [0.0212, 0.0266, -0.1647] (mse: 0.000005)
[0.0225, -0.0212, 0.1891, -77.1164, -8.8037, -175.7824]   ===>   [0.0077, 0.0339, -0.1639],  actual: [0.0113, 0.0343, -0.1636] (mse: 0.000013)
[0.0219, -0.0417, 0.1858, -74.4776, 18.3629, -164.1507]   ===>   [0.0150, 0.0101, -0.1623],  actual: [0.0158, 0.0115, -0.1611] (mse: 0.000004)
[0.0049, -0.0140, 0.1695, 75.8548, -2.6369, -175.1622]   ===>   [0.0330, 0.0420, -0.1632],  actual: [0.0291, 0.0381, -0.1650] (mse: 0.000034)
[0.0201, -0.0385, 0.1919, -44.4396, -2.4045, -158.7974]   ===>   [0.0161, 0.0146, -0.1623],  actual: [0.0161, 0.0162, -0.1614] (mse: 0.000003)
[0.0176, -0.0415, 0.1919, 52.7554, -2.7244, -170.5901]   ===>   [0.0195, 0.0118, -0.1622],  actual: [0.0202, 0.0121, -0.1624] (mse: 0.000001)
[-0.0273, -0.0417, 0.1813, 69.3115, -0.8366, -178.7197]   ===>   [0.0669, 0.0176, -0.1697],  actual: [0.0666, 0.0157, -0.1676] (mse: 0.000008)
[0.0031, -0.0254, 0.1863, -50.0096, 12.3635, -166.0908]   ===>   [0.0319, 0.0305, -0.1661],  actual: [0.0337, 0.0293, -0.1651] (mse: 0.000006)
[0.0089, -0.0345, 0.1947, -43.8230, 3.7684, -154.4515]   ===>   [0.0258, 0.0214, -0.1645],  actual: [0.0262, 0.0226, -0.1633] (mse: 0.000003)
[0.0026, -0.0416, 0.1919, -63.9552, 14.8402, -155.5836]   ===>   [0.0362, 0.0145, -0.1683],  actual: [0.0347, 0.0152, -0.1645] (mse: 0.000017)
[0.0229, 0.0059, 0.1892, -56.4188, -8.8503, -159.9160]   ===>   [0.0081, 0.0599, -0.1590],  actual: [0.0068, 0.0613, -0.1592] (mse: 0.000004)
[0.0222, 0.0074, 0.1814, 38.2493, -14.2961, -171.9843]   ===>   [0.0077, 0.0614, -0.1592],  actual: [0.0075, 0.0608, -0.1594] (mse: 0.000000)
[0.0008, -0.0154, 0.1891, 26.3935, 0.3798, -158.7598]   ===>   [0.0321, 0.0363, -0.1642],  actual: [0.0320, 0.0400, -0.1651] (mse: 0.000014)
[-0.0023, -0.0398, 0.1865, -0.9416, 7.7194, -167.9163]   ===>   [0.0380, 0.0131, -0.1655],  actual: [0.0403, 0.0162, -0.1655] (mse: 0.000015)
[-0.0281, -0.0109, 0.1813, -56.0411, 21.1589, -169.0991]   ===>   [0.0655, 0.0480, -0.1682],  actual: [0.0665, 0.0486, -0.1690] (mse: 0.000002)
[-0.0130, -0.0155, 0.1676, 85.7029, -4.6173, -179.1702]   ===>   [0.0476, 0.0397, -0.1688],  actual: [0.0498, 0.0382, -0.1676] (mse: 0.000008)
[0.0129, -0.0452, 0.1976, -27.7619, -9.7563, -166.7158]   ===>   [0.0241, 0.0123, -0.1645],  actual: [0.0234, 0.0124, -0.1642] (mse: 0.000001)
[-0.0176, -0.0352, 0.1766, 0.8685, -4.3368, -166.0111]   ===>   [0.0551, 0.0226, -0.1660],  actual: [0.0572, 0.0207, -0.1669] (mse: 0.000009)
[0.0186, -0.0326, 0.1814, 28.4872, 12.0205, -156.7060]   ===>   [0.0165, 0.0202, -0.1608],  actual: [0.0194, 0.0183, -0.1619] (mse: 0.000013)
[-0.0108, -0.0166, 0.1865, -49.4285, 13.2748, -156.5621]   ===>   [0.0439, 0.0393, -0.1659],  actual: [0.0456, 0.0397, -0.1671] (mse: 0.000005)
[-0.0275, -0.0387, 0.1839, -48.5300, 5.4570, -158.7652]   ===>   [0.0652, 0.0215, -0.1697],  actual: [0.0658, 0.0197, -0.1698] (mse: 0.000004)
[0.0001, 0.0046, 0.1720, -60.2131, 23.3870, -165.2009]   ===>   [0.0334, 0.0603, -0.1643],  actual: [0.0337, 0.0601, -0.1642] (mse: 0.000000)
[0.0188, -0.0342, 0.1892, -47.3300, -3.9826, -169.9678]   ===>   [0.0168, 0.0211, -0.1622],  actual: [0.0168, 0.0197, -0.1645] (mse: 0.000007)
[0.0211, -0.0389, 0.1864, 69.3532, -0.9547, -172.9877]   ===>   [0.0173, 0.0128, -0.1628],  actual: [0.0159, 0.0125, -0.1609] (mse: 0.000006)
[0.0225, -0.0408, 0.1885, 17.1009, -2.8613, -166.5829]   ===>   [0.0143, 0.0106, -0.1613],  actual: [0.0135, 0.0122, -0.1606] (mse: 0.000004)
[-0.0142, -0.0261, 0.1719, 86.6012, 0.6667, -165.7334]   ===>   [0.0565, 0.0296, -0.1678],  actual: [0.0541, 0.0277, -0.1679] (mse: 0.000010)
[0.0254, -0.0417, 0.1976, 56.0274, 2.0032, -174.1229]   ===>   [0.0121, 0.0127, -0.1619],  actual: [0.0133, 0.0133, -0.1610] (mse: 0.000003)
[0.0232, -0.0385, 0.1735, -47.8522, 7.5703, -157.7208]   ===>   [0.0104, 0.0140, -0.1604],  actual: [0.0113, 0.0121, -0.1602] (mse: 0.000004)
[-0.0075, -0.0050, 0.1696, -72.3091, 13.6209, -155.7219]   ===>   [0.0410, 0.0505, -0.1650],  actual: [0.0411, 0.0514, -0.1660] (mse: 0.000002)
[0.0107, -0.0255, 0.1865, -46.5320, -2.0186, -171.9354]   ===>   [0.0238, 0.0307, -0.1633],  actual: [0.0243, 0.0292, -0.1649] (mse: 0.000005)
[0.0101, -0.0335, 0.1919, -70.6928, -3.2209, -161.3119]   ===>   [0.0258, 0.0225, -0.1656],  actual: [0.0253, 0.0233, -0.1633] (mse: 0.000006)
[0.0097, -0.0322, 0.1919, -58.6503, -5.5526, -165.3545]   ===>   [0.0262, 0.0236, -0.1656],  actual: [0.0257, 0.0242, -0.1637] (mse: 0.000004)
[-0.0002, -0.0407, 0.1947, -26.3267, 8.9612, -159.4487]   ===>   [0.0363, 0.0168, -0.1647],  actual: [0.0367, 0.0168, -0.1666] (mse: 0.000004)
[-0.0151, -0.0155, 0.1814, 8.6856, -4.6452, -155.4233]   ===>   [0.0509, 0.0406, -0.1681],  actual: [0.0498, 0.0406, -0.1675] (mse: 0.000001)
[0.0255, -0.0412, 0.1973, 48.1916, 5.7064, -163.5004]   ===>   [0.0125, 0.0139, -0.1606],  actual: [0.0134, 0.0125, -0.1606] (mse: 0.000002)
[-0.0079, -0.0215, 0.1838, 9.8639, 14.5903, -156.8051]   ===>   [0.0443, 0.0330, -0.1682],  actual: [0.0447, 0.0346, -0.1660] (mse: 0.000008)
[0.0175, 0.0115, 0.1740, -33.1532, -6.2394, -161.9577]   ===>   [0.0099, 0.0695, -0.1587],  actual: [0.0109, 0.0678, -0.1594] (mse: 0.000004)
[0.0209, -0.0399, 0.1785, -82.8006, 19.5468, -163.7603]   ===>   [0.0138, 0.0138, -0.1630],  actual: [0.0159, 0.0116, -0.1611] (mse: 0.000013)
[-0.0284, -0.0395, 0.1839, -46.1670, 12.0535, -147.2669]   ===>   [0.0651, 0.0200, -0.1699],  actual: [0.0670, 0.0189, -0.1670] (mse: 0.000014)
[0.0006, 0.0102, 0.1835, -26.5317, -8.9325, -162.1031]   ===>   [0.0261, 0.0673, -0.1652],  actual: [0.0289, 0.0685, -0.1655] (mse: 0.000010)
[0.0110, -0.0265, 0.1865, -46.0446, 11.3814, -168.3169]   ===>   [0.0242, 0.0271, -0.1642],  actual: [0.0253, 0.0280, -0.1638] (mse: 0.000002)
[-0.0024, -0.0088, 0.1718, 48.0435, -10.8203, -173.2677]   ===>   [0.0376, 0.0461, -0.1652],  actual: [0.0361, 0.0461, -0.1658] (mse: 0.000003)
[-0.0010, -0.0414, 0.1919, 50.2171, 5.6063, -176.9762]   ===>   [0.0381, 0.0146, -0.1678],  actual: [0.0372, 0.0153, -0.1657] (mse: 0.000006)
[-0.0020, -0.0033, 0.1765, 45.9407, -7.1025, -162.0825]   ===>   [0.0359, 0.0526, -0.1650],  actual: [0.0343, 0.0515, -0.1643] (mse: 0.000004)
[0.0073, -0.0113, 0.1865, -67.4272, -3.2829, -157.9852]   ===>   [0.0235, 0.0466, -0.1641],  actual: [0.0244, 0.0453, -0.1640] (mse: 0.000002)
[0.0051, -0.0336, 0.1919, -17.0400, -1.5298, -157.7892]   ===>   [0.0305, 0.0227, -0.1631],  actual: [0.0313, 0.0215, -0.1646] (mse: 0.000004)
[0.0047, -0.0295, 0.1947, 28.4938, -13.7174, -173.8031]   ===>   [0.0285, 0.0294, -0.1660],  actual: [0.0306, 0.0266, -0.1650] (mse: 0.000013)
[-0.0078, -0.0288, 0.1865, -9.2966, 3.2582, -153.4126]   ===>   [0.0433, 0.0278, -0.1638],  actual: [0.0433, 0.0273, -0.1662] (mse: 0.000006)
[0.0207, -0.0087, 0.1843, -10.5998, 0.4397, -164.6692]   ===>   [0.0130, 0.0474, -0.1621],  actual: [0.0107, 0.0460, -0.1617] (mse: 0.000007)
[0.0112, -0.0252, 0.1892, -32.5984, -5.5785, -164.7788]   ===>   [0.0228, 0.0295, -0.1640],  actual: [0.0233, 0.0295, -0.1648] (mse: 0.000001)
[-0.0251, -0.0385, 0.1839, -80.5894, 22.5339, -164.7435]   ===>   [0.0638, 0.0220, -0.1672],  actual: [0.0654, 0.0199, -0.1671] (mse: 0.000007)
[0.0218, -0.0289, 0.1919, 51.4239, -4.2556, -171.0593]   ===>   [0.0132, 0.0244, -0.1630],  actual: [0.0142, 0.0243, -0.1633] (mse: 0.000001)
[0.0007, -0.0340, 0.1892, 33.1269, -6.7495, -176.2060]   ===>   [0.0320, 0.0243, -0.1646],  actual: [0.0346, 0.0223, -0.1649] (mse: 0.000011)
[-0.0299, -0.0407, 0.1789, -78.1429, 6.4464, -155.8960]   ===>   [0.0683, 0.0190, -0.1685],  actual: [0.0691, 0.0193, -0.1675] (mse: 0.000002)
[-0.0093, -0.0206, 0.1789, -5.8315, 13.7530, -152.6794]   ===>   [0.0460, 0.0348, -0.1660],  actual: [0.0467, 0.0347, -0.1666] (mse: 0.000001)
[-0.0254, 0.0128, 0.1916, -85.9797, 22.7644, -177.4927]   ===>   [0.0573, 0.0723, -0.1669],  actual: [0.0581, 0.0713, -0.1671] (mse: 0.000002)
[-0.0284, -0.0411, 0.1789, 21.9262, 1.8763, -156.6724]   ===>   [0.0666, 0.0182, -0.1668],  actual: [0.0694, 0.0157, -0.1672] (mse: 0.000014)
[0.0223, -0.0413, 0.1892, 58.9343, -0.9987, -174.2582]   ===>   [0.0165, 0.0111, -0.1617],  actual: [0.0156, 0.0117, -0.1615] (mse: 0.000001)
[-0.0147, -0.0307, 0.1813, -64.8777, 14.6917, -170.1426]   ===>   [0.0551, 0.0279, -0.1691],  actual: [0.0541, 0.0267, -0.1668] (mse: 0.000008)
[0.0011, -0.0239, 0.1865, 70.6754, -3.7627, 179.4479]   ===>   [0.0335, 0.0241, -0.1664],  actual: [0.0331, 0.0306, -0.1655] (mse: 0.000043)
[0.0239, -0.0150, 0.1864, -87.6529, 16.1441, 178.9706]   ===>   [0.0214, 0.0434, -0.1505],  actual: [0.0118, 0.0372, -0.1618] (mse: 0.000261)
[0.0213, -0.0101, 0.1892, 51.3048, -7.5741, -170.4000]   ===>   [0.0106, 0.0423, -0.1633],  actual: [0.0114, 0.0425, -0.1612] (mse: 0.000005)
[0.0216, -0.0138, 0.1813, -11.0747, 13.6345, -153.2223]   ===>   [0.0113, 0.0378, -0.1644],  actual: [0.0109, 0.0378, -0.1630] (mse: 0.000002)
[-0.0109, -0.0211, 0.1655, -50.7858, -1.3194, -158.9058]   ===>   [0.0492, 0.0304, -0.1653],  actual: [0.0479, 0.0336, -0.1669] (mse: 0.000014)
[0.0111, -0.0237, 0.1919, 59.2251, -7.3592, -171.7942]   ===>   [0.0244, 0.0305, -0.1643],  actual: [0.0232, 0.0296, -0.1649] (mse: 0.000003)
[0.0217, -0.0327, 0.1891, -22.3721, -3.6299, -158.4685]   ===>   [0.0129, 0.0219, -0.1625],  actual: [0.0141, 0.0200, -0.1620] (mse: 0.000005)
[-0.0127, -0.0386, 0.1892, 52.4735, -5.1528, -170.8888]   ===>   [0.0487, 0.0190, -0.1675],  actual: [0.0491, 0.0177, -0.1679] (mse: 0.000002)
[0.0195, -0.0178, 0.1947, -30.2239, -8.3645, -169.0974]   ===>   [0.0154, 0.0368, -0.1639],  actual: [0.0136, 0.0379, -0.1639] (mse: 0.000004)
[0.0220, -0.0212, 0.1892, 38.1155, -11.7832, -173.4955]   ===>   [0.0140, 0.0327, -0.1627],  actual: [0.0119, 0.0315, -0.1639] (mse: 0.000007)
[-0.0047, -0.0263, 0.1892, -66.8091, 0.3346, -157.5695]   ===>   [0.0400, 0.0315, -0.1647],  actual: [0.0386, 0.0309, -0.1668] (mse: 0.000007)
[0.0137, -0.0346, 0.1892, 55.8357, 3.0959, -177.1787]   ===>   [0.0224, 0.0187, -0.1619],  actual: [0.0224, 0.0203, -0.1631] (mse: 0.000004)
[-0.0224, -0.0306, 0.1813, 68.5860, -5.8133, -178.3461]   ===>   [0.0606, 0.0260, -0.1687],  actual: [0.0596, 0.0263, -0.1691] (mse: 0.000001)
[0.0049, -0.0408, 0.1918, -47.2834, 8.6534, -160.5533]   ===>   [0.0333, 0.0158, -0.1656],  actual: [0.0328, 0.0150, -0.1642] (mse: 0.000003)
[0.0245, -0.0386, 0.1785, 56.0363, 2.0234, -174.5757]   ===>   [0.0156, 0.0139, -0.1633],  actual: [0.0118, 0.0121, -0.1607] (mse: 0.000024)
[-0.0187, -0.0060, 0.1693, -11.1712, -3.6170, -155.9625]   ===>   [0.0500, 0.0508, -0.1647],  actual: [0.0549, 0.0517, -0.1671] (mse: 0.000031)
[0.0089, -0.0301, 0.1892, 46.9861, 4.8829, -173.7414]   ===>   [0.0275, 0.0254, -0.1636],  actual: [0.0260, 0.0250, -0.1637] (mse: 0.000003)
[0.0220, -0.0330, 0.1947, 51.3667, -4.6551, -170.4070]   ===>   [0.0139, 0.0216, -0.1639],  actual: [0.0150, 0.0204, -0.1637] (mse: 0.000002)
[0.0212, -0.0358, 0.1892, -45.7456, 11.4786, -168.1618]   ===>   [0.0160, 0.0186, -0.1615],  actual: [0.0166, 0.0175, -0.1616] (mse: 0.000002)
[-0.0086, 0.0133, 0.1890, -84.9337, 25.7914, -164.3652]   ===>   [0.0398, 0.0678, -0.1614],  actual: [0.0399, 0.0698, -0.1656] (mse: 0.000022)
[-0.0330, -0.0405, 0.1976, -18.4324, -13.6360, -170.9374]   ===>   [0.0690, 0.0345, -0.1649],  actual: [0.0686, 0.0227, -0.1675] (mse: 0.000146)
[-0.0287, -0.0478, 0.1974, -57.3836, 2.5167, -168.3986]   ===>   [0.0674, 0.0209, -0.1679],  actual: [0.0664, 0.0148, -0.1672] (mse: 0.000039)
[0.0196, -0.0241, 0.1865, -29.1099, 20.2408, -161.7732]   ===>   [0.0173, 0.0271, -0.1637],  actual: [0.0172, 0.0284, -0.1619] (mse: 0.000005)
[0.0113, -0.0423, 0.1947, -47.1878, 9.3490, -166.7391]   ===>   [0.0252, 0.0150, -0.1631],  actual: [0.0270, 0.0143, -0.1630] (mse: 0.000003)
[-0.0079, -0.0423, 0.1919, -18.3778, -14.6802, -174.3090]   ===>   [0.0438, 0.0160, -0.1672],  actual: [0.0446, 0.0160, -0.1670] (mse: 0.000001)
[-0.0135, 0.0010, 0.1674, -10.9505, 2.9273, -152.1032]   ===>   [0.0449, 0.0567, -0.1646],  actual: [0.0488, 0.0586, -0.1664] (mse: 0.000023)
[0.0226, -0.0291, 0.1865, 69.5302, -8.1781, -171.8232]   ===>   [0.0127, 0.0224, -0.1636],  actual: [0.0129, 0.0216, -0.1618] (mse: 0.000004)
[0.0207, -0.0431, 0.1890, -47.8345, 4.1156, -161.8561]   ===>   [0.0178, 0.0096, -0.1628],  actual: [0.0159, 0.0119, -0.1610] (mse: 0.000012)
[-0.0318, -0.0215, 0.1862, -68.3582, 21.4281, -159.9528]   ===>   [0.0667, 0.0378, -0.1697],  actual: [0.0691, 0.0381, -0.1685] (mse: 0.000008)
[-0.0273, -0.0375, 0.1814, -55.4006, 11.1062, -169.9669]   ===>   [0.0681, 0.0231, -0.1683],  actual: [0.0686, 0.0213, -0.1678] (mse: 0.000003)
[-0.0104, -0.0442, 0.1919, -74.1100, 11.1771, -170.4702]   ===>   [0.0482, 0.0156, -0.1670],  actual: [0.0497, 0.0141, -0.1673] (mse: 0.000005)
[-0.0024, -0.0397, 0.1892, -75.0411, 5.6464, -165.7317]   ===>   [0.0390, 0.0180, -0.1654],  actual: [0.0400, 0.0172, -0.1668] (mse: 0.000003)
[-0.0105, -0.0430, 0.1865, -41.5338, 8.0010, -167.5687]   ===>   [0.0496, 0.0138, -0.1682],  actual: [0.0497, 0.0142, -0.1672] (mse: 0.000001)
[-0.0122, 0.0079, 0.1753, -36.5431, -9.8198, -160.4085]   ===>   [0.0429, 0.0714, -0.1644],  actual: [0.0429, 0.0694, -0.1667] (mse: 0.000010)
[0.0235, -0.0383, 0.1789, -23.1267, 16.3926, -158.9820]   ===>   [0.0120, 0.0108, -0.1617],  actual: [0.0134, 0.0119, -0.1611] (mse: 0.000004)
[-0.0115, -0.0228, 0.1813, -34.9745, 9.6299, -158.2395]   ===>   [0.0481, 0.0347, -0.1664],  actual: [0.0475, 0.0333, -0.1675] (mse: 0.000003)
[0.0080, -0.0175, 0.1930, 9.2252, -4.0467, -161.6383]   ===>   [0.0249, 0.0370, -0.1654],  actual: [0.0248, 0.0383, -0.1649] (mse: 0.000002)
[-0.0063, -0.0410, 0.1892, -10.5583, -3.8912, -166.3808]   ===>   [0.0425, 0.0182, -0.1648],  actual: [0.0429, 0.0162, -0.1659] (mse: 0.000005)
[0.0026, -0.0081, 0.1718, -38.2719, -9.4477, -165.8445]   ===>   [0.0309, 0.0499, -0.1633],  actual: [0.0298, 0.0477, -0.1637] (mse: 0.000006)
[-0.0120, 0.0104, 0.1811, -12.0643, -9.3538, -155.8825]   ===>   [0.0389, 0.0715, -0.1637],  actual: [0.0408, 0.0705, -0.1667] (mse: 0.000013)
[-0.0162, -0.0253, 0.1788, 82.9509, 5.6270, 174.9187]   ===>   [0.0487, 0.0286, -0.1662],  actual: [0.0519, 0.0304, -0.1679] (mse: 0.000016)
[0.0163, -0.0180, 0.1892, 69.4492, -6.1685, -173.1356]   ===>   [0.0189, 0.0345, -0.1639],  actual: [0.0174, 0.0343, -0.1640] (mse: 0.000003)
[-0.0018, -0.0415, 0.1946, -60.3181, -7.0846, -172.6738]   ===>   [0.0365, 0.0174, -0.1669],  actual: [0.0382, 0.0168, -0.1669] (mse: 0.000003)
[-0.0130, -0.0259, 0.1838, -43.0687, -4.1427, -159.1059]   ===>   [0.0456, 0.0314, -0.1673],  actual: [0.0485, 0.0313, -0.1667] (mse: 0.000009)
[-0.0093, -0.0307, 0.1839, -7.0445, -15.3077, -170.5404]   ===>   [0.0434, 0.0258, -0.1664],  actual: [0.0451, 0.0262, -0.1665] (mse: 0.000003)
[0.0131, -0.0241, 0.1919, -49.7839, -9.9079, -167.2844]   ===>   [0.0208, 0.0307, -0.1651],  actual: [0.0205, 0.0337, -0.1626] (mse: 0.000015)
[-0.0142, -0.0437, 0.1919, -52.0496, 7.1594, -166.6740]   ===>   [0.0512, 0.0162, -0.1660],  actual: [0.0523, 0.0159, -0.1671] (mse: 0.000002)
[0.0205, -0.0446, 0.1976, -51.7881, 7.2097, -173.0909]   ===>   [0.0182, 0.0129, -0.1607],  actual: [0.0185, 0.0119, -0.1619] (mse: 0.000002)
[0.0122, -0.0381, 0.1919, -54.2160, -7.5724, -172.1556]   ===>   [0.0252, 0.0200, -0.1647],  actual: [0.0246, 0.0184, -0.1631] (mse: 0.000005)
[0.0240, -0.0230, 0.1839, 5.5959, 12.5422, -163.5562]   ===>   [0.0117, 0.0277, -0.1635],  actual: [0.0112, 0.0287, -0.1628] (mse: 0.000002)
[-0.0283, -0.0393, 0.1695, 34.5525, -9.1605, -178.7995]   ===>   [0.0668, 0.0188, -0.1681],  actual: [0.0692, 0.0165, -0.1675] (mse: 0.000011)
[-0.0315, -0.0230, 0.1864, -46.6065, 21.2161, -153.5485]   ===>   [0.0671, 0.0374, -0.1686],  actual: [0.0687, 0.0368, -0.1688] (mse: 0.000003)
[-0.0066, -0.0281, 0.1813, -10.6561, 2.9295, -166.4871]   ===>   [0.0422, 0.0288, -0.1653],  actual: [0.0443, 0.0276, -0.1660] (mse: 0.000006)
[-0.0093, -0.0255, 0.1717, 75.9472, -0.4509, -178.5205]   ===>   [0.0471, 0.0303, -0.1681],  actual: [0.0463, 0.0277, -0.1659] (mse: 0.000012)
[-0.0288, -0.0440, 0.1839, 1.4246, 15.5147, -163.7431]   ===>   [0.0696, 0.0164, -0.1674],  actual: [0.0700, 0.0158, -0.1673] (mse: 0.000001)
[-0.0110, -0.0304, 0.1789, 0.5998, -7.1765, -164.0396]   ===>   [0.0472, 0.0262, -0.1680],  actual: [0.0486, 0.0248, -0.1665] (mse: 0.000006)
[-0.0039, -0.0026, 0.1882, -84.7485, 9.4136, -157.9743]   ===>   [0.0368, 0.0508, -0.1654],  actual: [0.0351, 0.0548, -0.1651] (mse: 0.000019)
[-0.0017, -0.0144, 0.1833, 26.9424, -2.3582, -174.7952]   ===>   [0.0322, 0.0412, -0.1654],  actual: [0.0342, 0.0420, -0.1652] (mse: 0.000004)
[-0.0056, -0.0411, 0.1919, 10.7678, -5.9972, -164.8672]   ===>   [0.0384, 0.0169, -0.1656],  actual: [0.0418, 0.0157, -0.1662] (mse: 0.000013)
[0.0107, -0.0407, 0.1947, 52.7977, -5.3585, -165.2288]   ===>   [0.0244, 0.0128, -0.1634],  actual: [0.0281, 0.0139, -0.1638] (mse: 0.000015)
[-0.0132, -0.0441, 0.1865, -13.8858, 3.2953, -167.4632]   ===>   [0.0528, 0.0129, -0.1685],  actual: [0.0514, 0.0139, -0.1673] (mse: 0.000005)
[-0.0105, -0.0429, 0.1839, -21.3054, 4.2593, -170.6295]   ===>   [0.0503, 0.0135, -0.1678],  actual: [0.0498, 0.0139, -0.1672] (mse: 0.000001)
[-0.0146, -0.0080, 0.1742, -61.2660, 16.1998, -160.6074]   ===>   [0.0493, 0.0499, -0.1663],  actual: [0.0503, 0.0487, -0.1674] (mse: 0.000004)
[-0.0216, -0.0293, 0.1789, 9.2067, 6.8812, -161.0818]   ===>   [0.0601, 0.0284, -0.1670],  actual: [0.0599, 0.0270, -0.1690] (mse: 0.000006)
[0.0245, -0.0247, 0.1892, 43.8788, 3.0708, -157.3502]   ===>   [0.0107, 0.0281, -0.1632],  actual: [0.0108, 0.0265, -0.1617] (mse: 0.000005)
[-0.0108, -0.0002, 0.1812, 2.0673, 9.8159, -146.9558]   ===>   [0.0458, 0.0581, -0.1680],  actual: [0.0457, 0.0556, -0.1664] (mse: 0.000009)
[0.0135, -0.0411, 0.1919, 8.2752, 6.4721, -172.5859]   ===>   [0.0245, 0.0126, -0.1629],  actual: [0.0254, 0.0137, -0.1629] (mse: 0.000002)
[0.0211, -0.0379, 0.1919, 56.0469, -0.3337, -172.2649]   ===>   [0.0160, 0.0153, -0.1619],  actual: [0.0166, 0.0160, -0.1617] (mse: 0.000001)
[-0.0289, -0.0405, 0.1865, -40.8775, 13.1623, -146.6543]   ===>   [0.0663, 0.0174, -0.1689],  actual: [0.0670, 0.0188, -0.1671] (mse: 0.000006)
[-0.0243, -0.0415, 0.1814, -40.0909, 18.4062, -173.6633]   ===>   [0.0658, 0.0172, -0.1682],  actual: [0.0672, 0.0180, -0.1678] (mse: 0.000003)
[0.0137, -0.0428, 0.1947, 47.9037, 10.4240, -165.0154]   ===>   [0.0247, 0.0114, -0.1640],  actual: [0.0240, 0.0117, -0.1640] (mse: 0.000001)
[0.0007, -0.0107, 0.1839, -52.5809, 24.2230, -153.8783]   ===>   [0.0344, 0.0432, -0.1673],  actual: [0.0335, 0.0442, -0.1646] (mse: 0.000009)
[0.0003, -0.0325, 0.1865, 81.2007, 11.1821, -171.2956]   ===>   [0.0334, 0.0229, -0.1674],  actual: [0.0358, 0.0223, -0.1652] (mse: 0.000012)
[-0.0130, -0.0179, 0.1720, -58.6833, 14.6643, -155.3692]   ===>   [0.0504, 0.0377, -0.1670],  actual: [0.0496, 0.0385, -0.1662] (mse: 0.000002)
[0.0210, -0.0282, 0.1919, -46.8035, 14.0109, -166.1531]   ===>   [0.0176, 0.0262, -0.1644],  actual: [0.0150, 0.0260, -0.1629] (mse: 0.000009)
[-0.0077, -0.0407, 0.1947, 52.0772, -2.1441, -170.9997]   ===>   [0.0448, 0.0173, -0.1684],  actual: [0.0450, 0.0166, -0.1671] (mse: 0.000002)
[0.0137, 0.0028, 0.1838, -74.9841, -4.8194, -158.7991]   ===>   [0.0163, 0.0571, -0.1616],  actual: [0.0160, 0.0596, -0.1608] (mse: 0.000007)
[0.0220, 0.0146, 0.1813, 37.6030, -16.7212, -171.2990]   ===>   [0.0067, 0.0681, -0.1599],  actual: [0.0068, 0.0684, -0.1581] (mse: 0.000003)
[-0.0217, -0.0332, 0.1789, -8.4092, 19.0859, -155.5038]   ===>   [0.0617, 0.0247, -0.1679],  actual: [0.0621, 0.0242, -0.1670] (mse: 0.000001)
[0.0102, -0.0130, 0.1811, -15.0842, 20.1283, -153.2388]   ===>   [0.0234, 0.0410, -0.1657],  actual: [0.0241, 0.0402, -0.1648] (mse: 0.000002)
[-0.0084, -0.0188, 0.1788, 47.8535, -1.8582, -174.8223]   ===>   [0.0429, 0.0372, -0.1672],  actual: [0.0422, 0.0369, -0.1670] (mse: 0.000001)
[-0.0041, -0.0088, 0.1719, -66.9836, 13.8681, -158.4277]   ===>   [0.0378, 0.0463, -0.1653],  actual: [0.0382, 0.0467, -0.1655] (mse: 0.000000)
[0.0226, -0.0301, 0.1919, 74.3669, 6.0325, -161.2117]   ===>   [0.0113, 0.0229, -0.1620],  actual: [0.0142, 0.0216, -0.1635] (mse: 0.000012)
[0.0103, 0.0106, 0.1838, 89.0170, 18.4612, -168.2926]   ===>   [0.0179, 0.0545, -0.1634],  actual: [0.0207, 0.0685, -0.1616] (mse: 0.000205)
[-0.0277, -0.0385, 0.1814, 30.3123, -8.9385, -168.4544]   ===>   [0.0636, 0.0200, -0.1701],  actual: [0.0649, 0.0190, -0.1700] (mse: 0.000003)
[-0.0298, -0.0424, 0.1838, -36.7567, -5.5914, -168.7223]   ===>   [0.0672, 0.0190, -0.1683],  actual: [0.0691, 0.0176, -0.1672] (mse: 0.000007)
[0.0211, -0.0327, 0.1919, -88.2488, 19.0543, -168.1003]   ===>   [0.0153, 0.0216, -0.1635],  actual: [0.0160, 0.0217, -0.1623] (mse: 0.000002)
[-0.0260, -0.0428, 0.1865, 8.9335, 10.6165, -154.9666]   ===>   [0.0653, 0.0164, -0.1667],  actual: [0.0654, 0.0159, -0.1669] (mse: 0.000000)
[0.0218, -0.0079, 0.1865, -46.8414, 0.0240, -158.8082]   ===>   [0.0118, 0.0490, -0.1611],  actual: [0.0096, 0.0460, -0.1617] (mse: 0.000015)
[-0.0094, -0.0016, 0.1889, -85.4328, 17.7099, -178.5638]   ===>   [0.0445, 0.0524, -0.1648],  actual: [0.0445, 0.0553, -0.1660] (mse: 0.000010)
[0.0218, -0.0025, 0.1839, 74.1213, -10.6511, -166.9543]   ===>   [0.0117, 0.0484, -0.1600],  actual: [0.0106, 0.0483, -0.1606] (mse: 0.000002)
[0.0216, -0.0390, 0.1762, -47.5166, 6.4490, -160.5864]   ===>   [0.0121, 0.0139, -0.1612],  actual: [0.0138, 0.0119, -0.1606] (mse: 0.000007)
[0.0036, -0.0174, 0.1814, -23.9730, -5.4078, -159.3855]   ===>   [0.0315, 0.0390, -0.1653],  actual: [0.0298, 0.0372, -0.1654] (mse: 0.000006)
[-0.0130, -0.0183, 0.1698, -45.9285, 12.6500, -154.3304]   ===>   [0.0502, 0.0381, -0.1660],  actual: [0.0499, 0.0383, -0.1660] (mse: 0.000000)
[0.0118, -0.0084, 0.1919, 89.7667, -10.4165, -179.1141]   ===>   [0.0194, 0.0442, -0.1647],  actual: [0.0214, 0.0437, -0.1644] (mse: 0.000004)
[-0.0156, -0.0212, 0.1838, 7.2275, -13.4250, -174.8683]   ===>   [0.0515, 0.0359, -0.1685],  actual: [0.0499, 0.0377, -0.1664] (mse: 0.000010)
[0.0253, -0.0389, 0.1918, 76.8627, 1.1904, -179.2527]   ===>   [0.0138, 0.0138, -0.1636],  actual: [0.0122, 0.0147, -0.1609] (mse: 0.000011)
[-0.0180, 0.0083, 0.1862, 84.2642, 21.5348, -176.1469]   ===>   [0.0480, 0.0706, -0.1637],  actual: [0.0495, 0.0703, -0.1663] (mse: 0.000009)
[0.0032, -0.0270, 0.1919, 84.7255, 0.7361, -178.4012]   ===>   [0.0317, 0.0267, -0.1649],  actual: [0.0319, 0.0276, -0.1652] (mse: 0.000001)
[0.0231, -0.0366, 0.1814, -78.5812, 5.5350, -158.6431]   ===>   [0.0122, 0.0166, -0.1601],  actual: [0.0121, 0.0166, -0.1605] (mse: 0.000000)
[-0.0309, -0.0321, 0.1788, -64.2639, 5.0109, -156.8312]   ===>   [0.0677, 0.0296, -0.1667],  actual: [0.0693, 0.0270, -0.1679] (mse: 0.000010)
[-0.0055, -0.0042, 0.1814, 41.3000, -16.1878, -169.3317]   ===>   [0.0370, 0.0513, -0.1619],  actual: [0.0368, 0.0512, -0.1646] (mse: 0.000007)
[0.0052, 0.0131, 0.1713, -45.8919, -8.4409, -165.8925]   ===>   [0.0220, 0.0713, -0.1614],  actual: [0.0238, 0.0729, -0.1634] (mse: 0.000010)
[0.0239, -0.0224, 0.1812, -0.1987, 6.4615, -166.7177]   ===>   [0.0109, 0.0293, -0.1638],  actual: [0.0111, 0.0287, -0.1628] (mse: 0.000001)
[0.0037, -0.0166, 0.1814, 11.7842, -9.4957, -178.6630]   ===>   [0.0279, 0.0389, -0.1633],  actual: [0.0297, 0.0400, -0.1658] (mse: 0.000011)
[0.0067, -0.0419, 0.1919, -47.1015, -2.4384, -167.5165]   ===>   [0.0314, 0.0151, -0.1659],  actual: [0.0305, 0.0141, -0.1654] (mse: 0.000002)
[-0.0123, 0.0058, 0.1698, 54.1758, -13.1993, -166.3770]   ===>   [0.0444, 0.0610, -0.1638],  actual: [0.0444, 0.0628, -0.1660] (mse: 0.000008)
[0.0248, -0.0288, 0.1865, -78.0836, 16.8577, -165.8530]   ===>   [0.0096, 0.0220, -0.1601],  actual: [0.0109, 0.0234, -0.1618] (mse: 0.000007)
[-0.0205, -0.0384, 0.1865, -46.5164, 10.8608, -162.8605]   ===>   [0.0595, 0.0194, -0.1685],  actual: [0.0596, 0.0195, -0.1687] (mse: 0.000000)
[0.0237, -0.0379, 0.1839, -57.3816, 6.1390, -165.0686]   ===>   [0.0134, 0.0165, -0.1615],  actual: [0.0123, 0.0158, -0.1606] (mse: 0.000003)
[0.0148, -0.0251, 0.1892, -87.9447, 17.1640, -162.4512]   ===>   [0.0203, 0.0285, -0.1634],  actual: [0.0204, 0.0301, -0.1632] (mse: 0.000003)
[-0.0209, -0.0379, 0.1789, 2.8666, -3.0078, -168.8395]   ===>   [0.0593, 0.0209, -0.1667],  actual: [0.0609, 0.0191, -0.1674] (mse: 0.000006)
[0.0222, 0.0123, 0.1785, 29.7629, -5.4957, -163.0349]   ===>   [0.0078, 0.0665, -0.1577],  actual: [0.0069, 0.0657, -0.1592] (mse: 0.000004)
[-0.0243, -0.0385, 0.1789, 40.3239, -7.3360, 179.2154]   ===>   [0.0586, 0.0237, -0.1658],  actual: [0.0625, 0.0195, -0.1674] (mse: 0.000035)
[0.0087, -0.0076, 0.1976, -68.5943, 17.2136, -174.5041]   ===>   [0.0269, 0.0469, -0.1655],  actual: [0.0268, 0.0471, -0.1646] (mse: 0.000001)
[0.0219, -0.0191, 0.1865, 38.1397, -12.0539, -172.9897]   ===>   [0.0125, 0.0345, -0.1614],  actual: [0.0117, 0.0334, -0.1636] (mse: 0.000007)
[0.0063, -0.0197, 0.1889, 70.5102, 7.9350, -175.7076]   ===>   [0.0288, 0.0340, -0.1662],  actual: [0.0274, 0.0363, -0.1653] (mse: 0.000008)
[0.0254, -0.0367, 0.1812, -19.9660, 8.6486, -164.5799]   ===>   [0.0133, 0.0151, -0.1617],  actual: [0.0103, 0.0148, -0.1603] (mse: 0.000011)
[0.0245, -0.0250, 0.1839, -4.7542, 17.4275, -151.5790]   ===>   [0.0091, 0.0257, -0.1624],  actual: [0.0106, 0.0260, -0.1616] (mse: 0.000003)
[-0.0308, -0.0341, 0.1863, -60.2446, 7.5525, -162.5493]   ===>   [0.0670, 0.0264, -0.1688],  actual: [0.0685, 0.0267, -0.1681] (mse: 0.000003)
[0.0217, -0.0235, 0.1919, 51.2668, -8.9771, -166.3566]   ===>   [0.0145, 0.0293, -0.1633],  actual: [0.0140, 0.0288, -0.1628] (mse: 0.000001)
[0.0268, -0.0330, 0.1918, -55.5932, 1.7476, -165.3390]   ===>   [0.0101, 0.0232, -0.1615],  actual: [0.0092, 0.0209, -0.1610] (mse: 0.000007)
[0.0242, -0.0209, 0.1865, 79.0836, -7.6287, -166.6975]   ===>   [0.0111, 0.0303, -0.1626],  actual: [0.0111, 0.0297, -0.1634] (mse: 0.000001)
[0.0054, 0.0111, 0.1720, 40.9417, -11.4522, -160.8490]   ===>   [0.0259, 0.0648, -0.1640],  actual: [0.0242, 0.0666, -0.1644] (mse: 0.000006)
[-0.0205, -0.0384, 0.1865, -8.2017, 7.5090, -148.0056]   ===>   [0.0566, 0.0188, -0.1685],  actual: [0.0582, 0.0189, -0.1684] (mse: 0.000002)
[0.0026, -0.0276, 0.1974, 16.5075, 2.7613, -161.7515]   ===>   [0.0332, 0.0293, -0.1619],  actual: [0.0315, 0.0296, -0.1650] (mse: 0.000012)
[0.0200, -0.0088, 0.1835, -14.6036, -0.7201, -168.2407]   ===>   [0.0139, 0.0478, -0.1615],  actual: [0.0113, 0.0466, -0.1607] (mse: 0.000009)
[0.0093, -0.0151, 0.1865, -14.4894, -7.9317, -153.5504]   ===>   [0.0252, 0.0406, -0.1639],  actual: [0.0222, 0.0399, -0.1633] (mse: 0.000010)
[-0.0036, 0.0046, 0.1787, -11.4379, -7.0806, -157.6353]   ===>   [0.0318, 0.0654, -0.1656],  actual: [0.0334, 0.0631, -0.1638] (mse: 0.000011)
[0.0202, 0.0109, 0.1814, 24.2821, -9.2447, -164.6722]   ===>   [0.0096, 0.0647, -0.1579],  actual: [0.0092, 0.0649, -0.1594] (mse: 0.000002)
[0.0048, -0.0417, 0.1945, 76.6701, 9.7113, -167.3596]   ===>   [0.0323, 0.0119, -0.1670],  actual: [0.0329, 0.0134, -0.1657] (mse: 0.000004)
[-0.0254, -0.0051, 0.1787, -51.0118, 19.7779, -158.1530]   ===>   [0.0595, 0.0559, -0.1685],  actual: [0.0623, 0.0537, -0.1681] (mse: 0.000013)
[-0.0125, -0.0139, 0.1917, -68.8577, 12.2715, -170.6281]   ===>   [0.0477, 0.0423, -0.1658],  actual: [0.0475, 0.0433, -0.1674] (mse: 0.000004)
[0.0028, -0.0244, 0.1917, -88.3768, 6.9459, -177.3805]   ===>   [0.0306, 0.0331, -0.1639],  actual: [0.0336, 0.0316, -0.1660] (mse: 0.000016)
[-0.0048, -0.0181, 0.1839, -80.8123, 21.9661, -173.4450]   ===>   [0.0380, 0.0344, -0.1658],  actual: [0.0414, 0.0370, -0.1670] (mse: 0.000020)
[0.0228, -0.0172, 0.2029, 31.9322, 9.0653, -154.5425]   ===>   [0.0155, 0.0340, -0.1637],  actual: [0.0122, 0.0362, -0.1632] (mse: 0.000016)
[0.0046, -0.0087, 0.1806, 25.7140, -3.0813, -172.7548]   ===>   [0.0258, 0.0463, -0.1634],  actual: [0.0270, 0.0468, -0.1645] (mse: 0.000003)
[-0.0294, -0.0350, 0.1891, 69.6196, -3.3891, -161.6945]   ===>   [0.0676, 0.0249, -0.1677],  actual: [0.0686, 0.0232, -0.1674] (mse: 0.000004)
[0.0161, -0.0300, 0.1892, -45.4180, 13.8859, -169.2300]   ===>   [0.0206, 0.0241, -0.1639],  actual: [0.0213, 0.0238, -0.1627] (mse: 0.000002)
[-0.0148, 0.0085, 0.1708, -44.1960, -10.6550, -156.5358]   ===>   [0.0461, 0.0712, -0.1644],  actual: [0.0458, 0.0706, -0.1657] (mse: 0.000002)
[0.0162, -0.0277, 0.1765, 7.4398, 12.1002, -164.5249]   ===>   [0.0176, 0.0234, -0.1616],  actual: [0.0209, 0.0238, -0.1628] (mse: 0.000012)
[-0.0151, -0.0286, 0.1676, -52.1711, 4.2436, -165.5536]   ===>   [0.0531, 0.0289, -0.1646],  actual: [0.0549, 0.0262, -0.1669] (mse: 0.000016)
[0.0109, -0.0165, 0.1865, -22.9352, 5.4666, -158.7876]   ===>   [0.0237, 0.0387, -0.1644],  actual: [0.0237, 0.0370, -0.1644] (mse: 0.000003)
[0.0207, -0.0291, 0.1919, 51.4135, 7.7315, -170.9801]   ===>   [0.0137, 0.0239, -0.1633],  actual: [0.0144, 0.0247, -0.1633] (mse: 0.000001)
[-0.0003, -0.0125, 0.1942, -34.9859, -1.8010, -161.0078]   ===>   [0.0322, 0.0453, -0.1655],  actual: [0.0333, 0.0432, -0.1655] (mse: 0.000006)
[-0.0056, -0.0048, 0.1814, -9.5765, 1.3938, -150.6858]   ===>   [0.0370, 0.0535, -0.1663],  actual: [0.0393, 0.0503, -0.1655] (mse: 0.000016)
[0.0117, -0.0268, 0.1865, -18.8817, -5.8339, -169.9356]   ===>   [0.0218, 0.0300, -0.1620],  actual: [0.0232, 0.0275, -0.1649] (mse: 0.000017)
[-0.0269, -0.0296, 0.1839, -87.0875, 16.4572, -159.1041]   ===>   [0.0629, 0.0297, -0.1693],  actual: [0.0632, 0.0300, -0.1695] (mse: 0.000000)
[0.0225, -0.0323, 0.1946, -25.8058, 18.0611, -159.4704]   ===>   [0.0160, 0.0220, -0.1637],  actual: [0.0158, 0.0209, -0.1618] (mse: 0.000005)
[0.0006, -0.0414, 0.1947, -22.8096, -5.3778, -167.8816]   ===>   [0.0348, 0.0177, -0.1670],  actual: [0.0349, 0.0168, -0.1667] (mse: 0.000001)
[-0.0057, -0.0413, 0.1865, -48.3069, 4.8156, -160.7831]   ===>   [0.0449, 0.0165, -0.1672],  actual: [0.0429, 0.0162, -0.1660] (mse: 0.000006)
[-0.0170, -0.0406, 0.1865, -31.2788, 0.8552, -157.7534]   ===>   [0.0542, 0.0174, -0.1679],  actual: [0.0539, 0.0180, -0.1685] (mse: 0.000001)
[-0.0028, -0.0253, 0.1814, -17.6428, -6.8201, -156.9622]   ===>   [0.0356, 0.0311, -0.1663],  actual: [0.0371, 0.0300, -0.1662] (mse: 0.000004)
[0.0267, -0.0458, 0.1984, -55.9868, 6.3227, -160.2580]   ===>   [0.0148, 0.0097, -0.1612],  actual: [0.0113, 0.0108, -0.1604] (mse: 0.000014)
[-0.0291, -0.0412, 0.1839, 26.5865, -0.2139, -164.3685]   ===>   [0.0681, 0.0193, -0.1685],  actual: [0.0682, 0.0168, -0.1674] (mse: 0.000008)
[-0.0309, -0.0085, 0.1945, -70.4368, 13.9456, -172.4960]   ===>   [0.0648, 0.0505, -0.1686],  actual: [0.0658, 0.0512, -0.1688] (mse: 0.000002)
[0.0222, -0.0397, 0.1919, 48.1667, 5.3341, -166.4036]   ===>   [0.0157, 0.0132, -0.1620],  actual: [0.0151, 0.0134, -0.1609] (mse: 0.000001)
[0.0233, -0.0340, 0.1865, 77.2423, -4.7215, -174.6877]   ===>   [0.0144, 0.0179, -0.1629],  actual: [0.0134, 0.0174, -0.1612] (mse: 0.000004)
[-0.0283, -0.0109, 0.1862, 18.5052, 23.1203, -156.5125]   ===>   [0.0634, 0.0536, -0.1683],  actual: [0.0656, 0.0495, -0.1687] (mse: 0.000021)
[0.0182, -0.0271, 0.1892, 77.2553, -4.7210, -173.7187]   ===>   [0.0175, 0.0259, -0.1632],  actual: [0.0181, 0.0258, -0.1628] (mse: 0.000000)
[-0.0244, 0.0090, 0.1697, -30.0973, 12.4680, -149.2634]   ===>   [0.0541, 0.0684, -0.1701],  actual: [0.0596, 0.0688, -0.1668] (mse: 0.000041)
[0.0184, -0.0370, 0.1947, 32.4263, 8.7409, -162.8047]   ===>   [0.0178, 0.0175, -0.1622],  actual: [0.0186, 0.0173, -0.1617] (mse: 0.000001)
[-0.0020, -0.0298, 0.1865, -61.1304, 19.4777, -171.7094]   ===>   [0.0385, 0.0249, -0.1675],  actual: [0.0409, 0.0257, -0.1662] (mse: 0.000008)
[-0.0206, -0.0432, 0.1789, -41.9278, 7.5086, -167.4520]   ===>   [0.0582, 0.0193, -0.1686],  actual: [0.0618, 0.0140, -0.1673] (mse: 0.000043)
[-0.0021, -0.0204, 0.1891, 9.4522, 2.6358, -159.6551]   ===>   [0.0354, 0.0352, -0.1647],  actual: [0.0373, 0.0352, -0.1664] (mse: 0.000007)
[-0.0187, -0.0378, 0.1789, -47.8944, 6.9159, -162.1912]   ===>   [0.0571, 0.0226, -0.1688],  actual: [0.0580, 0.0189, -0.1685] (mse: 0.000014)
[0.0216, -0.0138, 0.1891, 51.8437, -2.1667, -175.2125]   ===>   [0.0108, 0.0403, -0.1643],  actual: [0.0112, 0.0397, -0.1615] (mse: 0.000008)
[-0.0122, -0.0150, 0.1789, -68.8783, 13.4861, -157.9191]   ===>   [0.0459, 0.0421, -0.1673],  actual: [0.0472, 0.0417, -0.1660] (mse: 0.000004)
[0.0083, -0.0225, 0.1892, -32.4481, -5.6566, -164.7989]   ===>   [0.0250, 0.0323, -0.1647],  actual: [0.0259, 0.0326, -0.1650] (mse: 0.000001)
[-0.0313, -0.0416, 0.1839, 42.9403, -5.5335, -165.3553]   ===>   [0.0685, 0.0177, -0.1699],  actual: [0.0695, 0.0164, -0.1670] (mse: 0.000011)
[-0.0070, -0.0298, 0.1890, 44.8748, -3.2163, -168.4512]   ===>   [0.0411, 0.0278, -0.1671],  actual: [0.0426, 0.0261, -0.1666] (mse: 0.000005)
[-0.0076, -0.0020, 0.1789, 29.9586, -9.0877, -167.8797]   ===>   [0.0385, 0.0563, -0.1660],  actual: [0.0387, 0.0551, -0.1650] (mse: 0.000003)
[-0.0158, -0.0155, 0.1814, -2.3261, 9.4948, -153.9742]   ===>   [0.0524, 0.0423, -0.1681],  actual: [0.0506, 0.0415, -0.1679] (mse: 0.000004)
[0.0079, -0.0261, 0.1865, 70.9327, -4.6008, -164.3298]   ===>   [0.0294, 0.0279, -0.1650],  actual: [0.0286, 0.0265, -0.1645] (mse: 0.000003)
[0.0083, -0.0063, 0.1838, -86.7797, 20.8226, -172.0221]   ===>   [0.0245, 0.0467, -0.1642],  actual: [0.0255, 0.0474, -0.1641] (mse: 0.000002)
[0.0002, -0.0410, 0.1892, -9.8367, 5.2608, -167.6702]   ===>   [0.0366, 0.0144, -0.1660],  actual: [0.0375, 0.0152, -0.1657] (mse: 0.000002)
[0.0044, -0.0195, 0.1764, -47.1108, -5.1273, -168.9649]   ===>   [0.0302, 0.0341, -0.1652],  actual: [0.0298, 0.0350, -0.1650] (mse: 0.000001)
[0.0048, -0.0033, 0.1814, 15.8696, -15.4038, -164.1824]   ===>   [0.0260, 0.0529, -0.1617],  actual: [0.0259, 0.0518, -0.1627] (mse: 0.000002)
[0.0158, 0.0068, 0.1788, 17.0030, -10.7751, -168.0559]   ===>   [0.0116, 0.0636, -0.1601],  actual: [0.0134, 0.0620, -0.1600] (mse: 0.000006)
[0.0080, -0.0232, 0.1892, -51.4634, 18.3806, -158.6682]   ===>   [0.0276, 0.0323, -0.1652],  actual: [0.0273, 0.0321, -0.1648] (mse: 0.000000)
[0.0190, -0.0285, 0.1919, 47.7501, 0.8443, -159.8001]   ===>   [0.0156, 0.0265, -0.1621],  actual: [0.0170, 0.0239, -0.1624] (mse: 0.000009)
[-0.0285, -0.0170, 0.1839, -13.5135, 20.6370, -155.7902]   ===>   [0.0663, 0.0448, -0.1686],  actual: [0.0663, 0.0422, -0.1691] (mse: 0.000007)
[0.0078, -0.0410, 0.1947, -46.8154, 10.9349, -163.5947]   ===>   [0.0289, 0.0166, -0.1644],  actual: [0.0306, 0.0150, -0.1637] (mse: 0.000006)
[-0.0102, -0.0402, 0.1892, 32.3313, -5.4817, -170.8394]   ===>   [0.0431, 0.0173, -0.1658],  actual: [0.0478, 0.0165, -0.1672] (mse: 0.000024)
[0.0214, -0.0099, 0.1720, -3.9060, 16.3411, -159.8542]   ===>   [0.0126, 0.0412, -0.1616],  actual: [0.0110, 0.0417, -0.1624] (mse: 0.000004)
[-0.0156, -0.0398, 0.1865, -30.0115, 1.0036, -161.8130]   ===>   [0.0535, 0.0177, -0.1677],  actual: [0.0524, 0.0184, -0.1683] (mse: 0.000002)
[-0.0031, -0.0298, 0.1789, -17.2146, -0.8208, -166.4467]   ===>   [0.0385, 0.0266, -0.1650],  actual: [0.0400, 0.0250, -0.1659] (mse: 0.000006)
[-0.0043, -0.0070, 0.1789, 18.1974, -8.4549, -164.0698]   ===>   [0.0369, 0.0507, -0.1650],  actual: [0.0368, 0.0494, -0.1655] (mse: 0.000002)
[0.0115, -0.0435, 0.1976, 52.8052, 6.9090, -161.9733]   ===>   [0.0253, 0.0114, -0.1646],  actual: [0.0271, 0.0113, -0.1652] (mse: 0.000003)
[0.0211, -0.0382, 0.1865, -75.2937, -1.1188, -170.7858]   ===>   [0.0156, 0.0178, -0.1608],  actual: [0.0154, 0.0160, -0.1613] (mse: 0.000004)
[0.0193, -0.0240, 0.1892, 69.4224, -3.7030, -174.8023]   ===>   [0.0162, 0.0292, -0.1642],  actual: [0.0152, 0.0282, -0.1632] (mse: 0.000003)
[-0.0056, -0.0391, 0.1892, 9.9229, 9.3543, -154.1003]   ===>   [0.0432, 0.0171, -0.1669],  actual: [0.0435, 0.0165, -0.1668] (mse: 0.000000)
[0.0082, -0.0254, 0.2003, -46.5164, 9.8662, -168.5629]   ===>   [0.0284, 0.0315, -0.1647],  actual: [0.0279, 0.0309, -0.1645] (mse: 0.000001)
[-0.0285, 0.0011, 0.1917, -76.1070, 19.6637, -177.7460]   ===>   [0.0591, 0.0608, -0.1677],  actual: [0.0637, 0.0606, -0.1681] (mse: 0.000021)
[0.0085, -0.0219, 0.1919, -74.2240, 13.9187, -156.3936]   ===>   [0.0276, 0.0338, -0.1658],  actual: [0.0256, 0.0335, -0.1649] (mse: 0.000005)
[0.0145, -0.0298, 0.1865, 83.0285, -7.7402, -173.3435]   ===>   [0.0210, 0.0237, -0.1641],  actual: [0.0227, 0.0229, -0.1631] (mse: 0.000005)
[0.0144, -0.0347, 0.1919, -18.7796, -9.1732, -171.1575]   ===>   [0.0213, 0.0208, -0.1639],  actual: [0.0216, 0.0206, -0.1632] (mse: 0.000001)
[0.0127, -0.0410, 0.1976, 41.5454, 5.5370, -153.6636]   ===>   [0.0243, 0.0131, -0.1644],  actual: [0.0258, 0.0131, -0.1634] (mse: 0.000003)
[0.0095, 0.0105, 0.1838, -29.7895, -9.8165, -174.0692]   ===>   [0.0171, 0.0660, -0.1610],  actual: [0.0206, 0.0685, -0.1620] (mse: 0.000020)
[0.0240, -0.0188, 0.1947, 28.6181, 0.9704, -156.3535]   ===>   [0.0115, 0.0339, -0.1633],  actual: [0.0113, 0.0334, -0.1624] (mse: 0.000001)
[0.0212, -0.0395, 0.1892, -45.2627, 13.0842, -159.4962]   ===>   [0.0156, 0.0153, -0.1599],  actual: [0.0164, 0.0135, -0.1612] (mse: 0.000006)
[0.0092, -0.0188, 0.1919, -80.0875, 7.3489, -159.8815]   ===>   [0.0243, 0.0365, -0.1634],  actual: [0.0243, 0.0372, -0.1643] (mse: 0.000001)
[0.0126, -0.0190, 0.1839, -77.5232, 0.2120, -162.7518]   ===>   [0.0212, 0.0341, -0.1622],  actual: [0.0206, 0.0365, -0.1628] (mse: 0.000007)
[-0.0158, -0.0207, 0.1813, -52.7791, 13.8905, -152.8022]   ===>   [0.0507, 0.0354, -0.1677],  actual: [0.0519, 0.0360, -0.1661] (mse: 0.000004)
[0.0103, -0.0397, 0.1919, 23.7298, 15.4800, -155.1354]   ===>   [0.0273, 0.0165, -0.1664],  actual: [0.0285, 0.0142, -0.1640] (mse: 0.000013)
[0.0139, -0.0310, 0.1892, -47.7222, -7.0108, -168.4636]   ===>   [0.0212, 0.0251, -0.1638],  actual: [0.0210, 0.0239, -0.1647] (mse: 0.000002)
[0.0139, -0.0416, 0.1947, 8.7176, 6.8069, -160.2162]   ===>   [0.0238, 0.0118, -0.1630],  actual: [0.0235, 0.0130, -0.1634] (mse: 0.000002)
[-0.0051, -0.0038, 0.1789, -45.5885, 13.4846, -149.2653]   ===>   [0.0379, 0.0518, -0.1659],  actual: [0.0380, 0.0518, -0.1654] (mse: 0.000000)
[-0.0164, -0.0053, 0.1720, -74.4950, 20.0376, -155.4792]   ===>   [0.0507, 0.0525, -0.1679],  actual: [0.0516, 0.0520, -0.1677] (mse: 0.000001)
[0.0146, -0.0287, 0.1892, -45.4926, 13.5174, -168.7063]   ===>   [0.0215, 0.0259, -0.1642],  actual: [0.0226, 0.0253, -0.1631] (mse: 0.000003)
[-0.0067, -0.0296, 0.1919, 85.9617, -1.1795, -160.2934]   ===>   [0.0426, 0.0262, -0.1658],  actual: [0.0444, 0.0252, -0.1677] (mse: 0.000008)
[-0.0261, -0.0429, 0.1892, -41.3280, 14.3159, -162.1371]   ===>   [0.0651, 0.0157, -0.1684],  actual: [0.0655, 0.0173, -0.1673] (mse: 0.000004)
[0.0128, -0.0121, 0.1865, -29.6986, -7.2478, -167.1056]   ===>   [0.0199, 0.0436, -0.1632],  actual: [0.0199, 0.0426, -0.1642] (mse: 0.000002)
[0.0211, -0.0144, 0.1838, 68.0378, 7.0471, -173.9778]   ===>   [0.0164, 0.0358, -0.1631],  actual: [0.0110, 0.0384, -0.1629] (mse: 0.000036)
[0.0136, -0.0419, 0.1947, -45.9910, 5.1277, -173.5316]   ===>   [0.0231, 0.0143, -0.1626],  actual: [0.0252, 0.0140, -0.1629] (mse: 0.000005)
[0.0145, -0.0418, 0.1947, -47.4076, 7.8402, -160.0739]   ===>   [0.0221, 0.0146, -0.1621],  actual: [0.0232, 0.0136, -0.1624] (mse: 0.000002)
[0.0050, -0.0027, 0.1863, -4.1524, -5.2953, -162.8730]   ===>   [0.0223, 0.0516, -0.1639],  actual: [0.0263, 0.0537, -0.1653] (mse: 0.000022)
[0.0211, -0.0291, 0.1919, 80.4296, 8.3128, -175.1678]   ===>   [0.0129, 0.0230, -0.1640],  actual: [0.0141, 0.0241, -0.1634] (mse: 0.000003)
[-0.0305, -0.0340, 0.1838, -67.2101, 13.9428, -156.4135]   ===>   [0.0679, 0.0264, -0.1689],  actual: [0.0689, 0.0253, -0.1675] (mse: 0.000004)
[0.0092, -0.0285, 0.1891, -76.4440, 16.5668, -169.0177]   ===>   [0.0266, 0.0261, -0.1660],  actual: [0.0274, 0.0263, -0.1642] (mse: 0.000004)
[0.0070, -0.0209, 0.1839, -49.9079, -3.7073, -167.1749]   ===>   [0.0278, 0.0361, -0.1642],  actual: [0.0271, 0.0341, -0.1650] (mse: 0.000005)
[0.0235, -0.0317, 0.1836, 9.1502, 8.3808, -160.5287]   ===>   [0.0132, 0.0215, -0.1617],  actual: [0.0126, 0.0192, -0.1615] (mse: 0.000005)
[-0.0228, -0.0355, 0.1838, -32.1781, 17.1572, -148.1272]   ===>   [0.0608, 0.0233, -0.1686],  actual: [0.0611, 0.0225, -0.1671] (mse: 0.000003)
[0.0224, -0.0041, 0.1839, 38.4834, -12.3691, -172.3354]   ===>   [0.0075, 0.0493, -0.1589],  actual: [0.0091, 0.0490, -0.1612] (mse: 0.000008)
[0.0138, -0.0321, 0.1919, -15.8770, 8.5931, -161.7780]   ===>   [0.0229, 0.0233, -0.1625],  actual: [0.0238, 0.0221, -0.1629] (mse: 0.000003)
[-0.0259, -0.0433, 0.1838, 73.1792, 8.4128, 173.9614]   ===>   [0.0628, 0.0170, -0.1664],  actual: [0.0633, 0.0164, -0.1666] (mse: 0.000001)
[0.0049, -0.0234, 0.1865, 40.5809, 2.9109, -172.1146]   ===>   [0.0308, 0.0322, -0.1622],  actual: [0.0288, 0.0320, -0.1647] (mse: 0.000011)
[-0.0002, 0.0015, 0.1946, -72.8573, 24.7642, -164.4930]   ===>   [0.0334, 0.0557, -0.1658],  actual: [0.0334, 0.0577, -0.1654] (mse: 0.000004)
[0.0189, -0.0229, 0.1919, 40.5907, 0.7374, -164.1267]   ===>   [0.0145, 0.0319, -0.1628],  actual: [0.0155, 0.0301, -0.1634] (mse: 0.000005)
[0.0261, -0.0312, 0.1838, -19.6154, 12.5736, -165.3951]   ===>   [0.0119, 0.0221, -0.1623],  actual: [0.0098, 0.0206, -0.1609] (mse: 0.000009)
[0.0201, -0.0017, 0.1869, -7.2897, 3.4335, -154.4938]   ===>   [0.0101, 0.0536, -0.1583],  actual: [0.0105, 0.0528, -0.1600] (mse: 0.000004)
[-0.0182, -0.0382, 0.1892, -70.3544, 21.4240, -158.7590]   ===>   [0.0537, 0.0200, -0.1676],  actual: [0.0565, 0.0205, -0.1666] (mse: 0.000009)
[0.0095, -0.0147, 0.1909, 75.3187, 2.3207, -179.0399]   ===>   [0.0239, 0.0392, -0.1645],  actual: [0.0237, 0.0404, -0.1648] (mse: 0.000001)
[0.0190, -0.0398, 0.1892, 41.3480, -5.3686, -161.3761]   ===>   [0.0187, 0.0134, -0.1614],  actual: [0.0188, 0.0122, -0.1626] (mse: 0.000003)
[0.0251, -0.0232, 0.1865, 85.4498, 4.3644, -164.7004]   ===>   [0.0105, 0.0280, -0.1645],  actual: [0.0103, 0.0275, -0.1618] (mse: 0.000007)
[-0.0088, -0.0220, 0.1814, 61.3376, -1.5123, -175.6153]   ===>   [0.0434, 0.0358, -0.1665],  actual: [0.0439, 0.0338, -0.1663] (mse: 0.000004)
[0.0023, -0.0320, 0.1891, 48.4847, 4.6227, -163.1283]   ===>   [0.0324, 0.0234, -0.1645],  actual: [0.0346, 0.0226, -0.1648] (mse: 0.000006)
[-0.0192, -0.0378, 0.1839, -9.9007, 10.4500, -160.0782]   ===>   [0.0586, 0.0207, -0.1679],  actual: [0.0585, 0.0197, -0.1687] (mse: 0.000002)
[0.0179, -0.0429, 0.1891, -76.3566, -5.6086, -173.3695]   ===>   [0.0225, 0.0159, -0.1620],  actual: [0.0195, 0.0124, -0.1624] (mse: 0.000022)
[-0.0286, 0.0078, 0.1889, -32.0530, 17.1769, -162.2982]   ===>   [0.0584, 0.0682, -0.1663],  actual: [0.0634, 0.0682, -0.1676] (mse: 0.000026)
[0.0176, 0.0083, 0.1891, -64.1096, -4.3459, -155.8815]   ===>   [0.0131, 0.0614, -0.1617],  actual: [0.0116, 0.0639, -0.1593] (mse: 0.000014)
[0.0143, -0.0294, 0.1839, 15.2428, 18.6586, -152.1043]   ===>   [0.0173, 0.0229, -0.1624],  actual: [0.0233, 0.0229, -0.1632] (mse: 0.000037)
[-0.0298, -0.0164, 0.1917, -48.1784, 17.8643, -165.8306]   ===>   [0.0631, 0.0433, -0.1684],  actual: [0.0665, 0.0441, -0.1691] (mse: 0.000012)
[0.0233, -0.0390, 0.1785, -27.8609, 6.8487, -156.8771]   ===>   [0.0132, 0.0134, -0.1620],  actual: [0.0120, 0.0115, -0.1609] (mse: 0.000006)
[-0.0081, -0.0315, 0.2029, 48.2396, 0.1084, -162.0271]   ===>   [0.0430, 0.0290, -0.1661],  actual: [0.0440, 0.0265, -0.1669] (mse: 0.000008)
[-0.0090, -0.0283, 0.1739, 10.1128, -7.8864, -161.5421]   ===>   [0.0453, 0.0274, -0.1680],  actual: [0.0459, 0.0254, -0.1669] (mse: 0.000006)
[-0.0001, -0.0413, 0.1947, -60.4173, -7.2257, -173.6395]   ===>   [0.0354, 0.0172, -0.1666],  actual: [0.0363, 0.0170, -0.1668] (mse: 0.000001)
[-0.0092, -0.0023, 0.1698, -48.0015, 17.7958, -154.7809]   ===>   [0.0434, 0.0536, -0.1653],  actual: [0.0443, 0.0540, -0.1658] (mse: 0.000001)
[-0.0152, -0.0117, 0.1814, 15.9534, -1.1440, -156.8719]   ===>   [0.0496, 0.0438, -0.1695],  actual: [0.0514, 0.0448, -0.1673] (mse: 0.000009)
[-0.0070, -0.0271, 0.1762, 0.4559, -8.3527, -164.4834]   ===>   [0.0427, 0.0278, -0.1690],  actual: [0.0432, 0.0274, -0.1663] (mse: 0.000008)
[-0.0303, -0.0328, 0.1789, -37.9855, -9.6596, -164.7517]   ===>   [0.0686, 0.0272, -0.1678],  actual: [0.0687, 0.0267, -0.1675] (mse: 0.000000)
[-0.0003, 0.0050, 0.1715, -82.1953, 0.4621, -157.9356]   ===>   [0.0279, 0.0652, -0.1637],  actual: [0.0306, 0.0645, -0.1632] (mse: 0.000008)
[0.0074, -0.0027, 0.1765, 16.9333, -11.0900, -168.6696]   ===>   [0.0243, 0.0541, -0.1630],  actual: [0.0238, 0.0529, -0.1625] (mse: 0.000002)
[0.0242, -0.0356, 0.1891, 75.7715, -2.8991, -170.7182]   ===>   [0.0145, 0.0161, -0.1618],  actual: [0.0137, 0.0168, -0.1614] (mse: 0.000002)
[0.0031, -0.0404, 0.1891, 8.7826, 8.5439, -161.8868]   ===>   [0.0341, 0.0136, -0.1656],  actual: [0.0346, 0.0142, -0.1663] (mse: 0.000001)
[0.0156, -0.0451, 0.1976, -58.4124, -1.4328, -166.1026]   ===>   [0.0212, 0.0113, -0.1640],  actual: [0.0221, 0.0121, -0.1627] (mse: 0.000003)
[-0.0289, -0.0357, 0.1697, -71.4384, -1.1159, -165.0953]   ===>   [0.0646, 0.0274, -0.1623],  actual: [0.0697, 0.0216, -0.1677] (mse: 0.000088)
