[-0.003, -0.025, 0.181, -22.750, -8.461, -159.113]   ===>   [0.038, 0.030, -0.166],  actual: [0.038, 0.030, -0.166]  (mse: 0.000000)
[-0.007, -0.030, 0.192, 85.962, -1.179, -160.293]   ===>   [0.045, 0.023, -0.167],  actual: [0.044, 0.025, -0.168]  (mse: 0.000004)
[0.021, -0.032, 0.195, -75.157, 3.029, -172.638]   ===>   [0.016, 0.022, -0.163],  actual: [0.016, 0.023, -0.162]  (mse: 0.000004)
[-0.001, -0.013, 0.181, 1.782, -14.378, -161.306]   ===>   [0.033, 0.044, -0.164],  actual: [0.035, 0.042, -0.165]  (mse: 0.000006)
[0.020, -0.038, 0.195, 51.341, -8.338, -172.156]   ===>   [0.018, 0.015, -0.163],  actual: [0.016, 0.015, -0.164]  (mse: 0.000005)
[-0.018, -0.033, 0.179, -32.045, 11.525, -161.958]   ===>   [0.059, 0.023, -0.169],  actual: [0.058, 0.023, -0.167]  (mse: 0.000005)
[-0.002, -0.041, 0.195, -27.189, 18.930, -150.154]   ===>   [0.039, 0.016, -0.166],  actual: [0.039, 0.015, -0.166]  (mse: 0.000002)
[-0.017, -0.038, 0.187, 0.726, -7.935, -158.690]   ===>   [0.055, 0.017, -0.168],  actual: [0.054, 0.018, -0.169]  (mse: 0.000005)
[-0.002, -0.020, 0.189, 9.452, 2.636, -159.655]   ===>   [0.037, 0.035, -0.165],  actual: [0.037, 0.035, -0.166]  (mse: 0.000003)
[-0.002, -0.041, 0.192, 86.306, -5.414, -168.971]   ===>   [0.041, 0.013, -0.167],  actual: [0.042, 0.014, -0.167]  (mse: 0.000002)
[0.024, -0.025, 0.184, 5.560, 11.898, -163.393]   ===>   [0.011, 0.026, -0.162],  actual: [0.011, 0.027, -0.162]  (mse: 0.000001)
[-0.026, -0.040, 0.189, -89.309, 6.039, -169.649]   ===>   [0.067, 0.019, -0.169],  actual: [0.064, 0.019, -0.169]  (mse: 0.000008)
[0.003, -0.009, 0.174, -83.872, 13.315, -163.603]   ===>   [0.030, 0.045, -0.163],  actual: [0.030, 0.047, -0.164]  (mse: 0.000003)
[0.023, -0.039, 0.179, -26.716, -4.777, -170.880]   ===>   [0.013, 0.011, -0.161],  actual: [0.013, 0.012, -0.161]  (mse: 0.000001)
[0.002, -0.024, 0.192, -36.719, 17.171, -157.359]   ===>   [0.034, 0.032, -0.165],  actual: [0.035, 0.031, -0.165]  (mse: 0.000001)
[-0.030, -0.041, 0.179, -78.143, 6.446, -155.896]   ===>   [0.070, 0.016, -0.168],  actual: [0.069, 0.019, -0.167]  (mse: 0.000012)
[0.023, -0.029, 0.195, 2.652, 3.440, -161.695]   ===>   [0.013, 0.023, -0.164],  actual: [0.014, 0.024, -0.162]  (mse: 0.000005)
[0.005, -0.019, 0.184, -17.714, -5.304, -164.252]   ===>   [0.029, 0.036, -0.164],  actual: [0.028, 0.036, -0.165]  (mse: 0.000001)
[-0.006, -0.008, 0.176, -80.483, 18.635, -165.138]   ===>   [0.042, 0.046, -0.165],  actual: [0.041, 0.048, -0.166]  (mse: 0.000005)
[0.009, -0.000, 0.184, -66.464, 25.011, -156.420]   ===>   [0.023, 0.053, -0.162],  actual: [0.023, 0.054, -0.162]  (mse: 0.000001)
[0.016, -0.032, 0.195, -77.668, 8.549, -165.340]   ===>   [0.020, 0.023, -0.163],  actual: [0.019, 0.025, -0.165]  (mse: 0.000008)
[-0.021, -0.038, 0.186, -46.516, 10.861, -162.860]   ===>   [0.059, 0.019, -0.168],  actual: [0.060, 0.020, -0.169]  (mse: 0.000001)
[0.008, -0.020, 0.186, 39.153, -4.844, -169.354]   ===>   [0.026, 0.034, -0.164],  actual: [0.026, 0.034, -0.166]  (mse: 0.000003)
[0.017, -0.027, 0.186, -3.391, 17.072, -153.482]   ===>   [0.019, 0.025, -0.163],  actual: [0.019, 0.026, -0.163]  (mse: 0.000001)
[-0.012, -0.032, 0.187, -66.578, 10.715, -152.761]   ===>   [0.048, 0.025, -0.167],  actual: [0.048, 0.025, -0.167]  (mse: 0.000001)
[0.007, -0.041, 0.195, -52.759, 7.841, -156.793]   ===>   [0.030, 0.015, -0.164],  actual: [0.030, 0.015, -0.165]  (mse: 0.000002)
[0.023, -0.032, 0.184, 9.150, 8.381, -160.529]   ===>   [0.013, 0.019, -0.161],  actual: [0.013, 0.019, -0.162]  (mse: 0.000001)
[0.021, -0.006, 0.189, -3.794, 2.934, -161.447]   ===>   [0.011, 0.048, -0.160],  actual: [0.011, 0.049, -0.160]  (mse: 0.000001)
[-0.002, -0.004, 0.178, 18.282, -14.650, -164.608]   ===>   [0.033, 0.053, -0.162],  actual: [0.035, 0.052, -0.164]  (mse: 0.000006)
[0.009, -0.034, 0.195, -43.823, 3.768, -154.452]   ===>   [0.027, 0.022, -0.164],  actual: [0.026, 0.023, -0.163]  (mse: 0.000001)
[0.015, -0.025, 0.189, -87.945, 17.164, -162.451]   ===>   [0.020, 0.028, -0.163],  actual: [0.020, 0.030, -0.163]  (mse: 0.000004)
[-0.019, -0.040, 0.181, 0.173, 13.209, -166.058]   ===>   [0.060, 0.015, -0.169],  actual: [0.058, 0.017, -0.168]  (mse: 0.000007)
[-0.032, 0.001, 0.179, -7.867, 21.907, -165.169]   ===>   [0.071, 0.061, -0.168],  actual: [0.069, 0.063, -0.170]  (mse: 0.000014)
[0.004, -0.019, 0.176, -47.111, -5.127, -168.965]   ===>   [0.029, 0.035, -0.165],  actual: [0.030, 0.035, -0.165]  (mse: 0.000000)
[0.024, -0.039, 0.181, -75.347, -1.775, -170.644]   ===>   [0.012, 0.013, -0.161],  actual: [0.012, 0.014, -0.161]  (mse: 0.000001)
[-0.004, -0.026, 0.181, 0.254, -9.306, -164.517]   ===>   [0.040, 0.029, -0.166],  actual: [0.038, 0.030, -0.166]  (mse: 0.000003)
[0.022, -0.023, 0.192, 51.477, -4.542, -170.565]   ===>   [0.012, 0.029, -0.163],  actual: [0.013, 0.030, -0.163]  (mse: 0.000002)
[0.007, -0.003, 0.176, 16.933, -11.090, -168.670]   ===>   [0.023, 0.053, -0.162],  actual: [0.024, 0.053, -0.163]  (mse: 0.000002)
[0.025, 0.014, 0.213, 51.303, -7.410, -169.573]   ===>   [0.007, 0.064, -0.158],  actual: [0.007, 0.066, -0.159]  (mse: 0.000002)
[0.021, 0.015, 0.179, 41.666, -11.665, -170.863]   ===>   [0.006, 0.068, -0.157],  actual: [0.007, 0.069, -0.158]  (mse: 0.000003)
[-0.016, -0.013, 0.186, -4.502, 18.895, -154.274]   ===>   [0.054, 0.043, -0.167],  actual: [0.052, 0.044, -0.168]  (mse: 0.000003)
[-0.014, -0.041, 0.195, -74.376, 15.390, -162.642]   ===>   [0.052, 0.017, -0.168],  actual: [0.051, 0.018, -0.168]  (mse: 0.000001)
[-0.014, -0.035, 0.186, -51.407, 16.335, -153.633]   ===>   [0.052, 0.021, -0.167],  actual: [0.052, 0.023, -0.167]  (mse: 0.000002)
[0.020, -0.040, 0.195, 22.554, 0.850, -158.313]   ===>   [0.017, 0.013, -0.162],  actual: [0.017, 0.013, -0.164]  (mse: 0.000005)
[0.026, -0.033, 0.192, 30.382, -6.281, -163.809]   ===>   [0.011, 0.018, -0.162],  actual: [0.011, 0.019, -0.162]  (mse: 0.000001)
[0.024, -0.036, 0.192, -60.933, -9.997, -173.562]   ===>   [0.012, 0.018, -0.162],  actual: [0.012, 0.019, -0.162]  (mse: 0.000001)
[-0.031, 0.014, 0.192, -85.262, 24.795, -159.868]   ===>   [0.063, 0.072, -0.165],  actual: [0.061, 0.073, -0.167]  (mse: 0.000011)
[0.007, -0.030, 0.189, 11.001, -7.887, -176.363]   ===>   [0.028, 0.026, -0.164],  actual: [0.027, 0.026, -0.164]  (mse: 0.000002)
[-0.019, -0.034, 0.192, 18.569, 14.285, -162.431]   ===>   [0.059, 0.024, -0.168],  actual: [0.058, 0.025, -0.167]  (mse: 0.000005)
[0.003, -0.002, 0.186, -4.168, -5.524, -163.280]   ===>   [0.027, 0.055, -0.163],  actual: [0.028, 0.055, -0.165]  (mse: 0.000005)
[-0.018, -0.026, 0.168, -47.481, 12.808, -154.173]   ===>   [0.058, 0.028, -0.167],  actual: [0.057, 0.030, -0.166]  (mse: 0.000008)
[-0.032, -0.021, 0.192, -80.450, 13.004, -174.287]   ===>   [0.069, 0.038, -0.169],  actual: [0.069, 0.039, -0.169]  (mse: 0.000002)
[-0.016, -0.035, 0.201, 74.674, 4.751, 175.791]   ===>   [0.051, 0.017, -0.167],  actual: [0.050, 0.025, -0.166]  (mse: 0.000058)
[0.012, 0.002, 0.174, 17.523, -9.189, -168.087]   ===>   [0.018, 0.058, -0.160],  actual: [0.019, 0.057, -0.161]  (mse: 0.000006)
[-0.017, -0.035, 0.179, 7.011, 0.170, -161.130]   ===>   [0.057, 0.020, -0.168],  actual: [0.056, 0.021, -0.167]  (mse: 0.000003)
[0.005, -0.003, 0.186, -4.152, -5.295, -162.873]   ===>   [0.025, 0.053, -0.163],  actual: [0.026, 0.054, -0.165]  (mse: 0.000007)
[0.013, -0.041, 0.195, 6.326, 13.061, -158.598]   ===>   [0.025, 0.013, -0.163],  actual: [0.025, 0.014, -0.163]  (mse: 0.000000)
[-0.011, -0.040, 0.183, 9.878, -4.115, -167.498]   ===>   [0.050, 0.014, -0.168],  actual: [0.048, 0.016, -0.167]  (mse: 0.000006)
[0.021, -0.040, 0.198, -40.692, -11.888, -172.921]   ===>   [0.017, 0.016, -0.163],  actual: [0.016, 0.016, -0.164]  (mse: 0.000003)
[0.009, -0.031, 0.195, -21.342, 0.773, -156.904]   ===>   [0.026, 0.024, -0.164],  actual: [0.026, 0.024, -0.164]  (mse: 0.000001)
[0.025, -0.018, 0.187, 44.281, 0.318, -160.604]   ===>   [0.009, 0.032, -0.162],  actual: [0.009, 0.034, -0.163]  (mse: 0.000002)
[0.023, -0.025, 0.189, -74.610, -8.451, -156.863]   ===>   [0.011, 0.030, -0.162],  actual: [0.010, 0.031, -0.162]  (mse: 0.000001)
[-0.019, -0.037, 0.189, 18.788, 3.347, -163.610]   ===>   [0.057, 0.018, -0.168],  actual: [0.057, 0.021, -0.167]  (mse: 0.000010)
[0.010, -0.045, 0.203, 48.027, 10.369, -165.191]   ===>   [0.028, 0.012, -0.164],  actual: [0.028, 0.012, -0.165]  (mse: 0.000002)
[0.005, -0.041, 0.195, -10.373, -9.909, -157.043]   ===>   [0.032, 0.014, -0.165],  actual: [0.031, 0.015, -0.165]  (mse: 0.000001)
[0.010, -0.041, 0.201, 47.768, 11.090, -150.153]   ===>   [0.029, 0.013, -0.165],  actual: [0.030, 0.014, -0.164]  (mse: 0.000004)
[0.007, -0.042, 0.192, -47.101, -2.438, -167.517]   ===>   [0.031, 0.013, -0.165],  actual: [0.030, 0.014, -0.165]  (mse: 0.000002)
[0.001, -0.012, 0.176, 84.777, -0.279, -173.126]   ===>   [0.034, 0.040, -0.165],  actual: [0.033, 0.042, -0.166]  (mse: 0.000006)
[0.022, -0.038, 0.184, -49.186, -1.871, -164.459]   ===>   [0.014, 0.014, -0.161],  actual: [0.014, 0.015, -0.161]  (mse: 0.000002)
[-0.026, -0.036, 0.186, -49.765, 8.325, -157.510]   ===>   [0.064, 0.022, -0.168],  actual: [0.063, 0.024, -0.170]  (mse: 0.000009)
[0.002, -0.013, 0.179, -38.137, 19.953, -154.357]   ===>   [0.033, 0.040, -0.165],  actual: [0.032, 0.041, -0.166]  (mse: 0.000003)
[0.022, 0.002, 0.184, 37.979, -14.963, -172.811]   ===>   [0.008, 0.055, -0.159],  actual: [0.008, 0.055, -0.160]  (mse: 0.000002)
[-0.000, -0.012, 0.179, 17.570, -8.264, -169.558]   ===>   [0.032, 0.044, -0.164],  actual: [0.033, 0.044, -0.165]  (mse: 0.000003)
[0.005, -0.034, 0.192, 5.214, -1.770, -159.315]   ===>   [0.033, 0.020, -0.165],  actual: [0.032, 0.021, -0.164]  (mse: 0.000004)
[0.022, -0.038, 0.195, 11.984, -8.097, -163.234]   ===>   [0.016, 0.015, -0.162],  actual: [0.015, 0.015, -0.164]  (mse: 0.000005)
[0.004, -0.020, 0.170, 1.490, -3.184, -168.249]   ===>   [0.031, 0.033, -0.165],  actual: [0.032, 0.033, -0.166]  (mse: 0.000001)
[0.021, -0.025, 0.192, 79.174, 7.803, -161.238]   ===>   [0.015, 0.026, -0.163],  actual: [0.015, 0.027, -0.163]  (mse: 0.000001)
[0.023, -0.035, 0.192, -59.436, -0.928, -170.143]   ===>   [0.013, 0.018, -0.162],  actual: [0.014, 0.019, -0.162]  (mse: 0.000002)
[-0.028, -0.041, 0.184, 4.248, 9.327, -153.904]   ===>   [0.069, 0.015, -0.169],  actual: [0.068, 0.017, -0.167]  (mse: 0.000010)
[0.019, -0.036, 0.189, 56.634, 8.581, -164.519]   ===>   [0.019, 0.016, -0.162],  actual: [0.018, 0.016, -0.162]  (mse: 0.000000)
[0.020, -0.033, 0.192, 51.330, -9.658, -167.236]   ===>   [0.017, 0.019, -0.163],  actual: [0.016, 0.019, -0.164]  (mse: 0.000002)
[0.021, -0.011, 0.189, 56.181, 2.891, -171.719]   ===>   [0.011, 0.041, -0.162],  actual: [0.011, 0.042, -0.161]  (mse: 0.000004)
[-0.013, -0.033, 0.181, -67.572, 7.491, -164.478]   ===>   [0.052, 0.022, -0.168],  actual: [0.051, 0.024, -0.167]  (mse: 0.000004)
[0.017, 0.011, 0.174, -33.153, -6.239, -161.958]   ===>   [0.010, 0.067, -0.157],  actual: [0.011, 0.068, -0.159]  (mse: 0.000007)
[0.019, 0.013, 0.181, -5.916, -0.466, -167.102]   ===>   [0.009, 0.067, -0.157],  actual: [0.011, 0.068, -0.159]  (mse: 0.000006)
[0.024, -0.023, 0.184, 5.596, 12.542, -163.556]   ===>   [0.011, 0.027, -0.162],  actual: [0.011, 0.029, -0.163]  (mse: 0.000002)
[-0.008, -0.019, 0.172, 20.155, -1.556, -158.615]   ===>   [0.045, 0.034, -0.167],  actual: [0.043, 0.034, -0.167]  (mse: 0.000004)
[-0.005, -0.027, 0.184, 1.385, -9.140, -164.346]   ===>   [0.041, 0.028, -0.166],  actual: [0.039, 0.029, -0.166]  (mse: 0.000006)
[0.009, -0.042, 0.195, -31.346, 10.001, -163.551]   ===>   [0.029, 0.014, -0.164],  actual: [0.029, 0.014, -0.165]  (mse: 0.000002)
[0.024, -0.029, 0.186, 37.145, -4.050, -169.171]   ===>   [0.011, 0.022, -0.162],  actual: [0.011, 0.022, -0.161]  (mse: 0.000000)
[0.002, -0.004, 0.176, -73.240, 15.331, -164.413]   ===>   [0.030, 0.050, -0.163],  actual: [0.031, 0.052, -0.165]  (mse: 0.000004)
[0.009, 0.012, 0.184, 15.041, -15.094, -159.792]   ===>   [0.018, 0.067, -0.160],  actual: [0.021, 0.066, -0.161]  (mse: 0.000008)
[0.000, -0.023, 0.181, -74.594, 15.935, -170.822]   ===>   [0.037, 0.032, -0.165],  actual: [0.037, 0.032, -0.166]  (mse: 0.000000)
[-0.011, -0.019, 0.192, -19.528, 8.581, -158.026]   ===>   [0.046, 0.037, -0.166],  actual: [0.045, 0.038, -0.167]  (mse: 0.000004)
[-0.009, -0.030, 0.186, -63.023, 7.240, -158.139]   ===>   [0.045, 0.026, -0.166],  actual: [0.045, 0.027, -0.167]  (mse: 0.000001)
[0.001, -0.015, 0.176, -32.187, -6.002, -165.973]   ===>   [0.033, 0.040, -0.164],  actual: [0.032, 0.040, -0.165]  (mse: 0.000001)
[-0.015, -0.021, 0.192, -83.276, 9.011, -173.178]   ===>   [0.051, 0.036, -0.167],  actual: [0.051, 0.037, -0.166]  (mse: 0.000003)
[-0.027, -0.043, 0.184, -77.180, 0.041, -166.523]   ===>   [0.068, 0.014, -0.169],  actual: [0.066, 0.016, -0.168]  (mse: 0.000008)
[-0.003, -0.013, 0.172, 52.685, -3.373, -176.698]   ===>   [0.036, 0.041, -0.165],  actual: [0.036, 0.041, -0.165]  (mse: 0.000001)
[-0.030, -0.042, 0.181, -2.529, -12.064, -167.210]   ===>   [0.071, 0.014, -0.168],  actual: [0.069, 0.017, -0.167]  (mse: 0.000009)
[0.021, -0.028, 0.192, -46.803, 14.011, -166.153]   ===>   [0.015, 0.025, -0.162],  actual: [0.015, 0.026, -0.163]  (mse: 0.000001)
[-0.011, -0.015, 0.179, -87.629, 15.301, -172.742]   ===>   [0.048, 0.040, -0.166],  actual: [0.047, 0.041, -0.166]  (mse: 0.000001)
[0.003, -0.027, 0.192, 50.725, -3.133, -173.469]   ===>   [0.033, 0.028, -0.164],  actual: [0.032, 0.028, -0.165]  (mse: 0.000001)
[0.020, 0.011, 0.181, 24.282, -9.245, -164.672]   ===>   [0.008, 0.065, -0.158],  actual: [0.009, 0.065, -0.159]  (mse: 0.000003)
[0.015, 0.003, 0.186, -48.881, 21.358, -155.155]   ===>   [0.015, 0.056, -0.160],  actual: [0.017, 0.056, -0.162]  (mse: 0.000009)
[0.019, -0.032, 0.198, 36.050, 7.438, -165.078]   ===>   [0.017, 0.022, -0.162],  actual: [0.017, 0.023, -0.162]  (mse: 0.000000)
[-0.008, -0.026, 0.174, -74.544, 1.696, -166.382]   ===>   [0.046, 0.028, -0.167],  actual: [0.045, 0.029, -0.167]  (mse: 0.000003)
[0.026, -0.036, 0.181, -24.271, 9.764, -160.085]   ===>   [0.009, 0.014, -0.160],  actual: [0.011, 0.015, -0.160]  (mse: 0.000003)
[0.012, -0.044, 0.198, -35.377, -7.392, -164.730]   ===>   [0.026, 0.011, -0.165],  actual: [0.025, 0.012, -0.165]  (mse: 0.000001)
[0.021, 0.012, 0.181, 4.762, -2.380, -172.429]   ===>   [0.008, 0.067, -0.157],  actual: [0.009, 0.068, -0.159]  (mse: 0.000003)
[0.023, 0.003, 0.181, 38.948, -11.313, -173.708]   ===>   [0.007, 0.056, -0.159],  actual: [0.008, 0.057, -0.160]  (mse: 0.000002)
[0.019, -0.043, 0.195, -47.316, 8.277, -163.631]   ===>   [0.019, 0.013, -0.161],  actual: [0.019, 0.013, -0.162]  (mse: 0.000001)
[0.022, 0.015, 0.184, -32.848, -7.711, -151.002]   ===>   [0.007, 0.069, -0.157],  actual: [0.007, 0.068, -0.158]  (mse: 0.000003)
[0.008, -0.025, 0.200, -46.516, 9.866, -168.563]   ===>   [0.030, 0.032, -0.164],  actual: [0.028, 0.031, -0.164]  (mse: 0.000005)
[0.021, -0.038, 0.189, -28.373, 9.795, -154.253]   ===>   [0.016, 0.015, -0.161],  actual: [0.015, 0.016, -0.161]  (mse: 0.000001)
[-0.032, -0.016, 0.184, -52.191, 11.748, -156.917]   ===>   [0.070, 0.043, -0.169],  actual: [0.068, 0.044, -0.169]  (mse: 0.000002)
[0.020, -0.034, 0.189, -39.027, 7.735, -154.174]   ===>   [0.015, 0.019, -0.162],  actual: [0.015, 0.020, -0.162]  (mse: 0.000001)
[0.008, -0.024, 0.187, -24.595, 13.790, -155.254]   ===>   [0.027, 0.029, -0.164],  actual: [0.027, 0.030, -0.164]  (mse: 0.000001)
[0.021, -0.020, 0.192, 51.693, -2.140, -176.177]   ===>   [0.012, 0.033, -0.162],  actual: [0.012, 0.034, -0.162]  (mse: 0.000001)
[0.020, -0.034, 0.186, -45.396, 13.818, -170.028]   ===>   [0.017, 0.018, -0.161],  actual: [0.018, 0.019, -0.162]  (mse: 0.000001)
[-0.022, -0.045, 0.189, -50.284, 7.974, -167.296]   ===>   [0.062, 0.013, -0.168],  actual: [0.062, 0.014, -0.167]  (mse: 0.000002)
[-0.027, -0.040, 0.184, -0.506, -4.565, -159.098]   ===>   [0.067, 0.016, -0.168],  actual: [0.066, 0.018, -0.168]  (mse: 0.000007)
[-0.011, -0.043, 0.184, -21.305, 4.259, -170.629]   ===>   [0.050, 0.013, -0.168],  actual: [0.050, 0.014, -0.167]  (mse: 0.000002)
[0.011, -0.032, 0.195, 56.160, -3.049, -172.711]   ===>   [0.026, 0.022, -0.164],  actual: [0.024, 0.022, -0.163]  (mse: 0.000002)
[0.009, -0.022, 0.192, -74.224, 13.919, -156.394]   ===>   [0.025, 0.033, -0.164],  actual: [0.026, 0.034, -0.165]  (mse: 0.000001)
[0.013, -0.022, 0.192, 85.796, -1.084, -179.975]   ===>   [0.022, 0.031, -0.163],  actual: [0.022, 0.031, -0.164]  (mse: 0.000000)
[0.017, -0.025, 0.192, 25.659, -5.895, -158.216]   ===>   [0.019, 0.027, -0.163],  actual: [0.019, 0.028, -0.163]  (mse: 0.000000)
[0.021, -0.007, 0.187, 37.532, -16.857, -170.034]   ===>   [0.010, 0.045, -0.161],  actual: [0.010, 0.046, -0.162]  (mse: 0.000001)
[0.020, -0.033, 0.186, -82.936, 22.065, -172.799]   ===>   [0.018, 0.020, -0.162],  actual: [0.018, 0.020, -0.162]  (mse: 0.000000)
[0.002, -0.007, 0.181, 16.302, -14.218, -164.223]   ===>   [0.029, 0.048, -0.163],  actual: [0.030, 0.048, -0.164]  (mse: 0.000004)
[0.023, -0.039, 0.179, -27.861, 6.849, -156.877]   ===>   [0.013, 0.011, -0.160],  actual: [0.012, 0.012, -0.161]  (mse: 0.000001)
[0.004, -0.029, 0.192, -44.306, 16.032, -148.201]   ===>   [0.030, 0.027, -0.164],  actual: [0.031, 0.026, -0.165]  (mse: 0.000002)
[0.020, 0.012, 0.184, 12.591, -11.559, -173.889]   ===>   [0.009, 0.066, -0.157],  actual: [0.008, 0.067, -0.159]  (mse: 0.000003)
[-0.031, -0.003, 0.197, -69.926, 14.994, -174.227]   ===>   [0.066, 0.056, -0.168],  actual: [0.065, 0.057, -0.168]  (mse: 0.000002)
[-0.013, -0.040, 0.189, -48.392, 5.023, -159.020]   ===>   [0.051, 0.016, -0.168],  actual: [0.050, 0.017, -0.167]  (mse: 0.000001)
[0.011, 0.008, 0.172, -69.040, 0.500, -162.210]   ===>   [0.018, 0.065, -0.160],  actual: [0.018, 0.065, -0.161]  (mse: 0.000001)
[0.011, -0.026, 0.187, -46.045, 11.381, -168.317]   ===>   [0.025, 0.027, -0.164],  actual: [0.025, 0.028, -0.164]  (mse: 0.000001)
[-0.018, -0.036, 0.170, -54.438, -2.001, -166.612]   ===>   [0.060, 0.018, -0.168],  actual: [0.058, 0.020, -0.167]  (mse: 0.000009)
[-0.016, -0.022, 0.179, -44.442, 16.304, -154.017]   ===>   [0.053, 0.034, -0.167],  actual: [0.054, 0.034, -0.166]  (mse: 0.000001)
[-0.022, -0.033, 0.181, -13.912, -5.812, -166.167]   ===>   [0.061, 0.023, -0.169],  actual: [0.060, 0.024, -0.169]  (mse: 0.000004)
[0.019, -0.030, 0.192, -62.907, 17.315, -171.313]   ===>   [0.018, 0.024, -0.162],  actual: [0.019, 0.024, -0.165]  (mse: 0.000005)
[0.012, -0.043, 0.195, -47.579, 6.868, -164.081]   ===>   [0.025, 0.013, -0.163],  actual: [0.025, 0.014, -0.163]  (mse: 0.000001)
[0.006, -0.028, 0.184, -80.927, 16.947, -165.120]   ===>   [0.030, 0.027, -0.165],  actual: [0.030, 0.028, -0.165]  (mse: 0.000000)
[0.003, -0.025, 0.186, -50.010, 12.364, -166.091]   ===>   [0.033, 0.030, -0.165],  actual: [0.034, 0.029, -0.165]  (mse: 0.000001)
[-0.008, -0.039, 0.187, -47.190, 8.981, -163.912]   ===>   [0.046, 0.016, -0.167],  actual: [0.046, 0.017, -0.167]  (mse: 0.000001)
[0.005, -0.028, 0.192, -65.308, 12.109, -162.007]   ===>   [0.030, 0.028, -0.164],  actual: [0.030, 0.027, -0.164]  (mse: 0.000000)
[0.026, -0.033, 0.186, -25.321, 14.651, -161.663]   ===>   [0.010, 0.018, -0.160],  actual: [0.011, 0.019, -0.161]  (mse: 0.000002)
[-0.019, 0.008, 0.188, 72.483, 25.034, -167.705]   ===>   [0.054, 0.068, -0.165],  actual: [0.052, 0.071, -0.166]  (mse: 0.000012)
[0.017, -0.033, 0.189, 52.217, -2.231, -173.960]   ===>   [0.019, 0.021, -0.163],  actual: [0.019, 0.021, -0.163]  (mse: 0.000000)
[-0.024, -0.042, 0.184, 73.267, 8.305, 173.539]   ===>   [0.064, 0.013, -0.168],  actual: [0.062, 0.017, -0.167]  (mse: 0.000024)
[0.024, -0.025, 0.189, -76.265, 4.007, -165.281]   ===>   [0.010, 0.028, -0.163],  actual: [0.010, 0.030, -0.162]  (mse: 0.000008)
[0.026, -0.038, 0.192, 75.255, 5.852, -163.029]   ===>   [0.012, 0.013, -0.161],  actual: [0.012, 0.014, -0.160]  (mse: 0.000000)
[-0.019, 0.001, 0.189, -20.707, 22.707, -172.113]   ===>   [0.057, 0.060, -0.165],  actual: [0.056, 0.062, -0.167]  (mse: 0.000007)
[0.009, -0.019, 0.192, -80.088, 7.349, -159.881]   ===>   [0.024, 0.037, -0.163],  actual: [0.024, 0.037, -0.164]  (mse: 0.000001)
[-0.019, -0.038, 0.184, -9.901, 10.450, -160.078]   ===>   [0.059, 0.018, -0.169],  actual: [0.059, 0.020, -0.169]  (mse: 0.000003)
[-0.027, -0.042, 0.181, 69.312, -0.837, -178.720]   ===>   [0.068, 0.012, -0.169],  actual: [0.067, 0.016, -0.168]  (mse: 0.000016)
[-0.002, -0.003, 0.176, 45.941, -7.102, -162.082]   ===>   [0.034, 0.051, -0.163],  actual: [0.034, 0.052, -0.164]  (mse: 0.000001)
[-0.017, -0.040, 0.184, -86.265, 0.427, -166.226]   ===>   [0.056, 0.017, -0.169],  actual: [0.054, 0.019, -0.168]  (mse: 0.000006)
[0.003, -0.040, 0.187, -2.661, 14.022, -165.120]   ===>   [0.036, 0.014, -0.164],  actual: [0.035, 0.014, -0.166]  (mse: 0.000005)
[0.013, 0.010, 0.179, -4.986, -8.387, 178.693]   ===>   [0.021, 0.053, -0.163],  actual: [0.017, 0.068, -0.161]  (mse: 0.000261)
[-0.001, -0.013, 0.179, -16.911, -6.752, -160.921]   ===>   [0.034, 0.044, -0.164],  actual: [0.034, 0.042, -0.166]  (mse: 0.000009)
[0.004, -0.042, 0.195, -35.551, 18.135, -173.622]   ===>   [0.035, 0.015, -0.166],  actual: [0.036, 0.015, -0.166]  (mse: 0.000001)
[0.025, -0.038, 0.184, -57.824, 10.849, -160.355]   ===>   [0.011, 0.014, -0.160],  actual: [0.011, 0.015, -0.161]  (mse: 0.000004)
[0.022, 0.006, 0.184, -24.682, -18.735, -172.914]   ===>   [0.007, 0.062, -0.157],  actual: [0.007, 0.062, -0.159]  (mse: 0.000005)
[-0.009, -0.005, 0.174, -31.427, 17.134, -149.193]   ===>   [0.044, 0.050, -0.165],  actual: [0.044, 0.052, -0.166]  (mse: 0.000004)
[0.013, -0.027, 0.189, 52.137, -1.735, -168.020]   ===>   [0.023, 0.026, -0.164],  actual: [0.023, 0.026, -0.164]  (mse: 0.000000)
[0.001, -0.011, 0.184, -44.934, 19.921, -155.564]   ===>   [0.033, 0.043, -0.164],  actual: [0.033, 0.044, -0.165]  (mse: 0.000002)
[0.007, -0.020, 0.184, 75.782, -8.941, -179.340]   ===>   [0.027, 0.033, -0.163],  actual: [0.028, 0.033, -0.166]  (mse: 0.000006)
[0.001, -0.041, 0.192, -21.008, 5.769, -150.036]   ===>   [0.036, 0.014, -0.166],  actual: [0.036, 0.015, -0.165]  (mse: 0.000002)
[0.011, -0.016, 0.184, -64.267, -6.169, -164.665]   ===>   [0.022, 0.039, -0.163],  actual: [0.022, 0.040, -0.163]  (mse: 0.000000)
[-0.023, -0.041, 0.189, -87.082, 3.052, -176.804]   ===>   [0.064, 0.018, -0.169],  actual: [0.063, 0.019, -0.167]  (mse: 0.000006)
[-0.016, -0.024, 0.189, -88.839, 12.068, -176.230]   ===>   [0.054, 0.033, -0.167],  actual: [0.054, 0.034, -0.166]  (mse: 0.000002)
[-0.011, -0.021, 0.166, -50.786, -1.319, -158.906]   ===>   [0.049, 0.034, -0.167],  actual: [0.048, 0.034, -0.167]  (mse: 0.000002)
[0.026, -0.035, 0.189, 5.968, 12.006, -163.635]   ===>   [0.011, 0.016, -0.160],  actual: [0.011, 0.017, -0.161]  (mse: 0.000003)
[0.023, -0.040, 0.191, 32.516, 11.029, -165.288]   ===>   [0.015, 0.012, -0.160],  actual: [0.014, 0.013, -0.161]  (mse: 0.000004)
[0.022, -0.021, 0.189, 51.458, -5.179, -170.103]   ===>   [0.012, 0.031, -0.163],  actual: [0.013, 0.032, -0.162]  (mse: 0.000003)
[-0.024, -0.043, 0.187, -6.652, 17.163, -157.496]   ===>   [0.065, 0.014, -0.169],  actual: [0.064, 0.016, -0.167]  (mse: 0.000009)
[-0.016, -0.005, 0.172, -74.495, 20.038, -155.479]   ===>   [0.053, 0.050, -0.167],  actual: [0.052, 0.052, -0.168]  (mse: 0.000007)
[-0.014, -0.041, 0.192, 70.032, -7.731, -174.286]   ===>   [0.053, 0.014, -0.168],  actual: [0.052, 0.016, -0.167]  (mse: 0.000006)
[-0.022, -0.030, 0.186, -46.711, 10.722, -147.975]   ===>   [0.059, 0.028, -0.168],  actual: [0.058, 0.029, -0.167]  (mse: 0.000004)
[0.022, -0.039, 0.176, -47.517, 6.449, -160.586]   ===>   [0.014, 0.011, -0.160],  actual: [0.014, 0.012, -0.161]  (mse: 0.000001)
[0.015, -0.009, 0.184, -66.003, 20.149, -164.373]   ===>   [0.018, 0.044, -0.162],  actual: [0.019, 0.045, -0.164]  (mse: 0.000005)
[-0.022, -0.041, 0.186, -61.257, 7.224, -163.811]   ===>   [0.061, 0.016, -0.168],  actual: [0.060, 0.017, -0.168]  (mse: 0.000003)
[0.004, -0.015, 0.170, -26.398, 18.624, -157.719]   ===>   [0.033, 0.037, -0.165],  actual: [0.032, 0.039, -0.165]  (mse: 0.000005)
[0.022, -0.011, 0.179, -20.444, 9.974, -162.423]   ===>   [0.009, 0.039, -0.162],  actual: [0.010, 0.040, -0.163]  (mse: 0.000003)
[0.022, -0.008, 0.187, 61.374, -2.277, -160.657]   ===>   [0.010, 0.043, -0.161],  actual: [0.011, 0.044, -0.161]  (mse: 0.000001)
[0.025, -0.028, 0.189, -61.266, 22.721, -158.790]   ===>   [0.011, 0.023, -0.162],  actual: [0.011, 0.025, -0.162]  (mse: 0.000003)
[0.018, -0.040, 0.189, 55.895, 4.276, -178.380]   ===>   [0.019, 0.014, -0.161],  actual: [0.019, 0.015, -0.162]  (mse: 0.000001)
[0.005, 0.013, 0.171, -45.892, -8.441, -165.893]   ===>   [0.023, 0.072, -0.160],  actual: [0.024, 0.073, -0.163]  (mse: 0.000013)
[0.023, -0.031, 0.184, 27.579, 12.340, -156.438]   ===>   [0.014, 0.019, -0.161],  actual: [0.014, 0.020, -0.161]  (mse: 0.000001)
[0.016, -0.038, 0.192, 30.672, -3.522, -166.885]   ===>   [0.021, 0.014, -0.162],  actual: [0.021, 0.016, -0.162]  (mse: 0.000002)
[0.018, -0.039, 0.195, -69.842, -4.620, -160.586]   ===>   [0.018, 0.017, -0.163],  actual: [0.018, 0.018, -0.162]  (mse: 0.000002)
[0.004, -0.007, 0.177, 17.477, -9.152, -167.755]   ===>   [0.027, 0.049, -0.163],  actual: [0.028, 0.049, -0.164]  (mse: 0.000003)
[0.023, -0.020, 0.184, -20.654, 8.320, -161.980]   ===>   [0.010, 0.030, -0.162],  actual: [0.011, 0.032, -0.162]  (mse: 0.000004)
[-0.020, -0.044, 0.192, -16.328, 16.323, -152.769]   ===>   [0.059, 0.014, -0.168],  actual: [0.059, 0.016, -0.167]  (mse: 0.000002)
[-0.006, -0.005, 0.179, -54.130, 17.876, -155.621]   ===>   [0.040, 0.050, -0.164],  actual: [0.040, 0.050, -0.166]  (mse: 0.000004)
[0.013, -0.028, 0.186, -46.935, -3.270, -170.561]   ===>   [0.022, 0.026, -0.164],  actual: [0.022, 0.026, -0.165]  (mse: 0.000001)
[-0.007, -0.039, 0.186, 10.194, -0.999, -163.923]   ===>   [0.046, 0.015, -0.167],  actual: [0.045, 0.017, -0.167]  (mse: 0.000002)
[0.024, -0.041, 0.195, 33.228, 6.672, -168.879]   ===>   [0.013, 0.012, -0.160],  actual: [0.014, 0.013, -0.161]  (mse: 0.000002)
[-0.009, -0.026, 0.172, 75.947, -0.451, -178.521]   ===>   [0.048, 0.027, -0.168],  actual: [0.046, 0.028, -0.166]  (mse: 0.000007)
[0.021, -0.041, 0.195, -30.306, 5.060, -170.510]   ===>   [0.017, 0.013, -0.162],  actual: [0.017, 0.013, -0.165]  (mse: 0.000009)
[0.011, -0.011, 0.184, -29.868, -7.900, -166.898]   ===>   [0.021, 0.045, -0.163],  actual: [0.022, 0.044, -0.164]  (mse: 0.000004)
[0.016, -0.020, 0.189, -30.025, -0.290, -156.024]   ===>   [0.018, 0.032, -0.164],  actual: [0.017, 0.035, -0.164]  (mse: 0.000011)
[-0.026, -0.041, 0.184, -11.001, 18.059, -155.261]   ===>   [0.067, 0.015, -0.169],  actual: [0.066, 0.018, -0.167]  (mse: 0.000011)
[-0.016, -0.031, 0.174, -10.100, 5.623, -159.351]   ===>   [0.057, 0.023, -0.169],  actual: [0.055, 0.026, -0.167]  (mse: 0.000015)
[0.010, -0.018, 0.186, -10.620, -8.598, -162.033]   ===>   [0.023, 0.036, -0.165],  actual: [0.024, 0.036, -0.166]  (mse: 0.000001)
[-0.031, -0.045, 0.184, 75.457, 1.907, 178.558]   ===>   [0.072, 0.011, -0.169],  actual: [0.070, 0.014, -0.167]  (mse: 0.000017)
[-0.010, -0.011, 0.174, 41.838, -5.744, -176.628]   ===>   [0.043, 0.044, -0.166],  actual: [0.044, 0.045, -0.167]  (mse: 0.000003)
[0.021, -0.038, 0.181, -75.386, 5.815, -165.043]   ===>   [0.014, 0.014, -0.161],  actual: [0.015, 0.014, -0.161]  (mse: 0.000000)
[0.011, -0.013, 0.189, 55.650, 3.510, -168.298]   ===>   [0.021, 0.040, -0.164],  actual: [0.022, 0.041, -0.165]  (mse: 0.000001)
[0.012, -0.035, 0.195, -58.162, -4.785, -164.493]   ===>   [0.025, 0.021, -0.163],  actual: [0.024, 0.023, -0.164]  (mse: 0.000002)
[0.019, -0.039, 0.192, -70.174, 20.726, -163.590]   ===>   [0.019, 0.015, -0.162],  actual: [0.020, 0.015, -0.162]  (mse: 0.000000)
[-0.029, -0.045, 0.184, 9.623, -1.698, -167.318]   ===>   [0.070, 0.011, -0.168],  actual: [0.067, 0.015, -0.167]  (mse: 0.000017)
[0.026, -0.041, 0.197, 48.192, 5.706, -163.500]   ===>   [0.012, 0.012, -0.160],  actual: [0.013, 0.013, -0.161]  (mse: 0.000002)
[0.004, 0.008, 0.178, -38.276, -3.660, -163.408]   ===>   [0.025, 0.066, -0.162],  actual: [0.025, 0.067, -0.164]  (mse: 0.000004)
[-0.030, -0.010, 0.195, -69.749, 15.375, -174.225]   ===>   [0.066, 0.049, -0.168],  actual: [0.066, 0.050, -0.169]  (mse: 0.000000)
[0.022, -0.018, 0.186, -25.703, 18.741, -155.537]   ===>   [0.013, 0.032, -0.162],  actual: [0.013, 0.034, -0.162]  (mse: 0.000004)
[0.011, -0.017, 0.184, 77.196, -3.761, -174.038]   ===>   [0.023, 0.036, -0.164],  actual: [0.024, 0.036, -0.165]  (mse: 0.000001)
[0.008, -0.002, 0.180, -1.163, -6.955, -160.794]   ===>   [0.022, 0.054, -0.162],  actual: [0.024, 0.053, -0.162]  (mse: 0.000002)
[0.013, -0.027, 0.187, -59.053, 4.938, -168.685]   ===>   [0.023, 0.026, -0.164],  actual: [0.022, 0.028, -0.165]  (mse: 0.000005)
[0.011, -0.007, 0.174, -73.359, 23.588, -175.919]   ===>   [0.024, 0.046, -0.164],  actual: [0.024, 0.046, -0.165]  (mse: 0.000001)
[0.022, -0.004, 0.189, -70.704, 21.637, -158.145]   ===>   [0.009, 0.049, -0.160],  actual: [0.010, 0.050, -0.161]  (mse: 0.000004)
[-0.011, -0.030, 0.179, 0.600, -7.177, -164.040]   ===>   [0.049, 0.024, -0.167],  actual: [0.049, 0.025, -0.167]  (mse: 0.000001)
[-0.019, -0.044, 0.184, -41.549, 8.569, -167.272]   ===>   [0.060, 0.013, -0.168],  actual: [0.060, 0.014, -0.167]  (mse: 0.000004)
[-0.015, -0.010, 0.184, 15.708, -13.125, -171.314]   ===>   [0.049, 0.049, -0.166],  actual: [0.048, 0.048, -0.167]  (mse: 0.000003)
[-0.027, -0.038, 0.179, -68.835, 2.984, -165.511]   ===>   [0.068, 0.019, -0.170],  actual: [0.066, 0.020, -0.170]  (mse: 0.000006)
[-0.030, -0.036, 0.179, -37.760, -8.887, -165.879]   ===>   [0.070, 0.021, -0.169],  actual: [0.069, 0.023, -0.167]  (mse: 0.000011)
[0.022, -0.010, 0.189, -84.252, 19.302, -162.063]   ===>   [0.010, 0.042, -0.162],  actual: [0.011, 0.044, -0.161]  (mse: 0.000004)
[0.026, -0.036, 0.192, 81.989, 3.070, -173.324]   ===>   [0.012, 0.016, -0.161],  actual: [0.011, 0.017, -0.161]  (mse: 0.000001)
[-0.002, 0.004, 0.174, -59.397, 25.422, -167.295]   ===>   [0.037, 0.058, -0.163],  actual: [0.037, 0.059, -0.165]  (mse: 0.000005)
[-0.031, -0.030, 0.181, -44.000, 7.222, -157.067]   ===>   [0.070, 0.027, -0.169],  actual: [0.069, 0.029, -0.168]  (mse: 0.000006)
[-0.022, -0.031, 0.186, -38.793, 16.238, -154.100]   ===>   [0.060, 0.026, -0.168],  actual: [0.060, 0.027, -0.167]  (mse: 0.000002)
[-0.004, -0.004, 0.170, 38.715, -14.333, -174.443]   ===>   [0.036, 0.052, -0.163],  actual: [0.037, 0.052, -0.165]  (mse: 0.000006)
[-0.008, -0.028, 0.176, 0.401, -8.683, -162.998]   ===>   [0.046, 0.026, -0.166],  actual: [0.045, 0.026, -0.166]  (mse: 0.000000)
[-0.002, -0.004, 0.174, 41.522, -13.438, -168.216]   ===>   [0.034, 0.052, -0.163],  actual: [0.035, 0.052, -0.164]  (mse: 0.000002)
[0.021, 0.016, 0.188, 14.099, -1.147, -153.038]   ===>   [0.008, 0.069, -0.158],  actual: [0.007, 0.070, -0.162]  (mse: 0.000016)
[0.024, -0.025, 0.184, -4.754, 17.428, -151.579]   ===>   [0.010, 0.025, -0.162],  actual: [0.011, 0.026, -0.162]  (mse: 0.000002)
[0.021, -0.029, 0.192, -50.956, 12.459, -163.751]   ===>   [0.015, 0.025, -0.162],  actual: [0.015, 0.026, -0.163]  (mse: 0.000002)
[0.006, -0.009, 0.179, 17.971, -3.384, -146.239]   ===>   [0.027, 0.043, -0.164],  actual: [0.028, 0.043, -0.165]  (mse: 0.000003)
[0.027, -0.046, 0.198, -55.987, 6.323, -160.258]   ===>   [0.012, 0.010, -0.160],  actual: [0.011, 0.011, -0.160]  (mse: 0.000001)
[0.024, -0.031, 0.195, 53.486, 5.382, -159.231]   ===>   [0.014, 0.021, -0.162],  actual: [0.015, 0.022, -0.161]  (mse: 0.000004)
[0.001, -0.015, 0.189, 26.394, 0.380, -158.760]   ===>   [0.033, 0.039, -0.164],  actual: [0.032, 0.040, -0.165]  (mse: 0.000002)
[-0.006, 0.002, 0.186, -60.279, 23.266, -167.377]   ===>   [0.041, 0.057, -0.164],  actual: [0.041, 0.058, -0.166]  (mse: 0.000005)
[-0.015, -0.018, 0.181, -34.066, 2.053, -151.969]   ===>   [0.051, 0.038, -0.167],  actual: [0.050, 0.039, -0.167]  (mse: 0.000004)
[0.006, -0.002, 0.197, -32.043, 6.990, -154.361]   ===>   [0.025, 0.050, -0.162],  actual: [0.026, 0.052, -0.162]  (mse: 0.000005)
[0.006, -0.040, 0.189, 15.937, 5.436, -163.859]   ===>   [0.033, 0.014, -0.165],  actual: [0.032, 0.015, -0.164]  (mse: 0.000002)
[-0.009, -0.029, 0.192, -42.343, 24.132, -153.257]   ===>   [0.046, 0.028, -0.166],  actual: [0.046, 0.028, -0.166]  (mse: 0.000001)
[-0.008, -0.029, 0.187, -9.297, 3.258, -153.413]   ===>   [0.044, 0.026, -0.167],  actual: [0.043, 0.027, -0.166]  (mse: 0.000002)
[0.016, -0.041, 0.192, 82.496, -7.025, -179.299]   ===>   [0.022, 0.012, -0.162],  actual: [0.022, 0.012, -0.163]  (mse: 0.000001)
[0.009, -0.006, 0.184, 1.223, -7.458, -170.692]   ===>   [0.022, 0.050, -0.162],  actual: [0.023, 0.050, -0.165]  (mse: 0.000008)
[0.013, -0.027, 0.187, 62.453, 10.561, -173.601]   ===>   [0.021, 0.027, -0.163],  actual: [0.021, 0.027, -0.165]  (mse: 0.000002)
[-0.019, -0.032, 0.179, -83.822, 2.793, -155.617]   ===>   [0.058, 0.025, -0.168],  actual: [0.055, 0.026, -0.167]  (mse: 0.000010)
[-0.011, 0.003, 0.177, 28.434, -9.765, -160.785]   ===>   [0.041, 0.061, -0.164],  actual: [0.042, 0.060, -0.166]  (mse: 0.000004)
[0.020, 0.012, 0.178, -0.310, -3.427, -158.610]   ===>   [0.008, 0.066, -0.157],  actual: [0.009, 0.067, -0.159]  (mse: 0.000006)
[0.022, 0.013, 0.178, -44.160, -2.047, -176.067]   ===>   [0.007, 0.069, -0.156],  actual: [0.006, 0.070, -0.162]  (mse: 0.000031)
[-0.000, -0.033, 0.192, 48.391, 6.668, -168.000]   ===>   [0.037, 0.022, -0.165],  actual: [0.036, 0.023, -0.165]  (mse: 0.000002)
[-0.002, -0.004, 0.179, 31.033, -10.668, -169.879]   ===>   [0.033, 0.053, -0.163],  actual: [0.033, 0.052, -0.165]  (mse: 0.000005)
[-0.017, -0.029, 0.184, -17.064, 5.321, -166.177]   ===>   [0.055, 0.028, -0.170],  actual: [0.054, 0.029, -0.168]  (mse: 0.000004)
[-0.024, 0.013, 0.189, 3.727, 16.975, -146.966]   ===>   [0.058, 0.072, -0.164],  actual: [0.058, 0.072, -0.167]  (mse: 0.000005)
[0.014, -0.036, 0.195, -40.046, 7.048, -156.955]   ===>   [0.022, 0.019, -0.163],  actual: [0.022, 0.021, -0.163]  (mse: 0.000002)
[-0.030, -0.045, 0.192, 50.436, 0.936, -168.475]   ===>   [0.071, 0.011, -0.169],  actual: [0.069, 0.015, -0.168]  (mse: 0.000014)
[-0.008, -0.045, 0.192, -41.894, 6.224, -167.934]   ===>   [0.047, 0.012, -0.168],  actual: [0.046, 0.014, -0.167]  (mse: 0.000003)
[0.023, -0.018, 0.187, -29.711, -12.461, -172.232]   ===>   [0.010, 0.037, -0.162],  actual: [0.010, 0.036, -0.162]  (mse: 0.000002)
[-0.002, -0.014, 0.181, 85.590, -6.109, -163.574]   ===>   [0.037, 0.040, -0.165],  actual: [0.039, 0.040, -0.165]  (mse: 0.000003)
[0.020, -0.038, 0.181, -71.481, 19.470, -162.620]   ===>   [0.017, 0.013, -0.161],  actual: [0.017, 0.014, -0.161]  (mse: 0.000001)
[0.005, -0.024, 0.187, -10.791, -12.251, -166.477]   ===>   [0.029, 0.031, -0.165],  actual: [0.028, 0.032, -0.165]  (mse: 0.000003)
[0.019, -0.035, 0.186, -74.642, 3.665, -176.471]   ===>   [0.018, 0.019, -0.162],  actual: [0.018, 0.019, -0.162]  (mse: 0.000000)
[-0.029, -0.035, 0.170, -74.785, -8.937, -156.088]   ===>   [0.070, 0.021, -0.168],  actual: [0.068, 0.024, -0.168]  (mse: 0.000010)
[0.018, -0.041, 0.192, 73.986, -7.386, 178.478]   ===>   [0.022, 0.010, -0.165],  actual: [0.020, 0.012, -0.162]  (mse: 0.000017)
[-0.013, -0.016, 0.168, 85.703, -4.617, -179.170]   ===>   [0.052, 0.037, -0.168],  actual: [0.050, 0.038, -0.168]  (mse: 0.000005)
[0.003, -0.018, 0.174, -73.502, 5.458, -169.829]   ===>   [0.033, 0.036, -0.165],  actual: [0.032, 0.036, -0.165]  (mse: 0.000000)
[0.027, -0.043, 0.203, 32.540, 10.378, -164.483]   ===>   [0.012, 0.011, -0.160],  actual: [0.012, 0.012, -0.160]  (mse: 0.000002)
[-0.028, -0.040, 0.186, -21.056, 3.214, -155.403]   ===>   [0.067, 0.017, -0.169],  actual: [0.067, 0.019, -0.167]  (mse: 0.000006)
[0.023, -0.007, 0.187, -37.875, -2.339, -162.337]   ===>   [0.008, 0.046, -0.160],  actual: [0.009, 0.047, -0.162]  (mse: 0.000003)
[0.014, -0.029, 0.184, 15.243, 18.659, -152.104]   ===>   [0.023, 0.023, -0.163],  actual: [0.023, 0.023, -0.163]  (mse: 0.000000)
[0.022, 0.012, 0.181, 17.951, -8.456, -168.621]   ===>   [0.007, 0.066, -0.157],  actual: [0.007, 0.067, -0.159]  (mse: 0.000002)
[0.022, -0.010, 0.197, 4.410, 3.407, -161.652]   ===>   [0.013, 0.043, -0.162],  actual: [0.012, 0.045, -0.161]  (mse: 0.000006)
[-0.019, -0.040, 0.181, -49.151, 3.039, -159.203]   ===>   [0.058, 0.016, -0.169],  actual: [0.057, 0.018, -0.168]  (mse: 0.000007)
[-0.012, -0.031, 0.189, 39.683, -1.676, -168.808]   ===>   [0.049, 0.024, -0.168],  actual: [0.048, 0.026, -0.166]  (mse: 0.000012)
[-0.013, -0.022, 0.179, 49.603, 0.639, -159.231]   ===>   [0.051, 0.031, -0.168],  actual: [0.049, 0.032, -0.167]  (mse: 0.000007)
[-0.004, -0.025, 0.189, 7.482, -9.934, -156.969]   ===>   [0.040, 0.029, -0.167],  actual: [0.038, 0.031, -0.167]  (mse: 0.000006)
[-0.008, -0.021, 0.184, 9.864, 14.590, -156.805]   ===>   [0.046, 0.034, -0.166],  actual: [0.045, 0.035, -0.166]  (mse: 0.000003)
[0.010, -0.035, 0.192, -70.204, 16.824, -173.606]   ===>   [0.027, 0.019, -0.163],  actual: [0.029, 0.020, -0.164]  (mse: 0.000002)
[0.022, -0.033, 0.192, 13.832, -2.771, -156.338]   ===>   [0.014, 0.018, -0.163],  actual: [0.014, 0.020, -0.162]  (mse: 0.000003)
[0.024, -0.038, 0.179, -86.244, 2.548, -158.199]   ===>   [0.011, 0.013, -0.160],  actual: [0.011, 0.015, -0.161]  (mse: 0.000002)
[0.009, 0.012, 0.181, 38.173, -13.982, -170.634]   ===>   [0.019, 0.066, -0.160],  actual: [0.020, 0.067, -0.161]  (mse: 0.000001)
[-0.033, -0.008, 0.189, -35.012, 14.976, -165.259]   ===>   [0.068, 0.053, -0.168],  actual: [0.069, 0.053, -0.169]  (mse: 0.000001)
[0.006, -0.022, 0.194, -33.803, 7.084, -158.310]   ===>   [0.028, 0.033, -0.165],  actual: [0.028, 0.034, -0.165]  (mse: 0.000002)
[0.018, -0.027, 0.189, 77.255, -4.721, -173.719]   ===>   [0.018, 0.025, -0.163],  actual: [0.018, 0.026, -0.163]  (mse: 0.000000)
[-0.029, -0.036, 0.176, 9.026, 3.693, -159.581]   ===>   [0.071, 0.019, -0.170],  actual: [0.069, 0.021, -0.167]  (mse: 0.000017)
[0.021, -0.036, 0.195, -76.970, 15.849, -165.706]   ===>   [0.016, 0.017, -0.162],  actual: [0.016, 0.019, -0.164]  (mse: 0.000006)
[0.010, -0.041, 0.192, -20.698, 1.840, -160.074]   ===>   [0.027, 0.013, -0.164],  actual: [0.027, 0.015, -0.163]  (mse: 0.000001)
[0.014, 0.003, 0.184, -74.984, -4.819, -158.799]   ===>   [0.016, 0.060, -0.160],  actual: [0.016, 0.060, -0.161]  (mse: 0.000000)
[0.021, -0.010, 0.184, -28.495, 11.723, -160.837]   ===>   [0.012, 0.043, -0.162],  actual: [0.011, 0.043, -0.162]  (mse: 0.000001)
[0.020, -0.045, 0.203, 32.516, 7.193, -167.928]   ===>   [0.019, 0.012, -0.161],  actual: [0.018, 0.012, -0.162]  (mse: 0.000001)
[-0.006, -0.041, 0.189, -31.848, -2.838, -164.423]   ===>   [0.043, 0.015, -0.167],  actual: [0.043, 0.016, -0.166]  (mse: 0.000004)
[0.010, -0.020, 0.189, -84.824, 13.103, -156.931]   ===>   [0.023, 0.035, -0.164],  actual: [0.023, 0.036, -0.164]  (mse: 0.000001)
[-0.030, -0.032, 0.184, 77.769, -8.408, -177.678]   ===>   [0.070, 0.024, -0.169],  actual: [0.068, 0.026, -0.168]  (mse: 0.000009)
[-0.024, -0.041, 0.186, 0.578, -5.887, -166.012]   ===>   [0.063, 0.016, -0.168],  actual: [0.063, 0.018, -0.167]  (mse: 0.000005)
[-0.031, -0.040, 0.186, -83.056, 15.635, -165.164]   ===>   [0.071, 0.018, -0.169],  actual: [0.070, 0.020, -0.170]  (mse: 0.000007)
[-0.017, -0.028, 0.174, -18.268, 18.162, -157.403]   ===>   [0.058, 0.026, -0.167],  actual: [0.057, 0.028, -0.168]  (mse: 0.000005)
[-0.014, -0.042, 0.192, 79.717, 10.391, 175.562]   ===>   [0.051, 0.013, -0.167],  actual: [0.050, 0.016, -0.167]  (mse: 0.000008)
[-0.030, -0.042, 0.186, -46.505, 11.200, -146.315]   ===>   [0.069, 0.016, -0.168],  actual: [0.068, 0.017, -0.167]  (mse: 0.000004)
[-0.015, -0.040, 0.189, -47.915, 6.745, -158.823]   ===>   [0.053, 0.017, -0.168],  actual: [0.052, 0.018, -0.168]  (mse: 0.000001)
[-0.001, -0.041, 0.192, -82.834, 13.442, -159.966]   ===>   [0.039, 0.016, -0.166],  actual: [0.038, 0.016, -0.165]  (mse: 0.000002)
[-0.004, -0.022, 0.192, -40.603, 5.050, -151.076]   ===>   [0.038, 0.034, -0.165],  actual: [0.038, 0.034, -0.166]  (mse: 0.000001)
[-0.012, -0.013, 0.179, -18.821, 11.210, -157.103]   ===>   [0.048, 0.042, -0.167],  actual: [0.047, 0.043, -0.167]  (mse: 0.000002)
[0.022, 0.007, 0.181, -51.758, -0.592, -159.181]   ===>   [0.007, 0.061, -0.158],  actual: [0.007, 0.061, -0.159]  (mse: 0.000003)
[0.025, -0.036, 0.198, 38.712, 10.076, -158.333]   ===>   [0.013, 0.016, -0.161],  actual: [0.013, 0.017, -0.161]  (mse: 0.000001)
[0.015, 0.008, 0.186, -46.401, 18.758, -153.067]   ===>   [0.015, 0.061, -0.160],  actual: [0.016, 0.060, -0.161]  (mse: 0.000006)
[0.026, -0.036, 0.184, 69.349, -2.169, -174.611]   ===>   [0.011, 0.015, -0.160],  actual: [0.011, 0.015, -0.161]  (mse: 0.000001)
[-0.031, -0.039, 0.184, 12.393, -0.815, -161.610]   ===>   [0.071, 0.017, -0.169],  actual: [0.069, 0.020, -0.170]  (mse: 0.000011)
[-0.015, -0.041, 0.187, -32.117, 3.008, -159.529]   ===>   [0.053, 0.016, -0.168],  actual: [0.052, 0.018, -0.168]  (mse: 0.000007)
[0.003, -0.001, 0.176, 26.549, -12.964, -173.150]   ===>   [0.027, 0.056, -0.161],  actual: [0.028, 0.055, -0.165]  (mse: 0.000022)
[0.017, -0.043, 0.198, 8.110, 2.463, -160.002]   ===>   [0.020, 0.011, -0.162],  actual: [0.021, 0.012, -0.164]  (mse: 0.000002)
[-0.013, -0.022, 0.179, 53.104, 1.048, -163.050]   ===>   [0.052, 0.031, -0.168],  actual: [0.050, 0.032, -0.167]  (mse: 0.000006)
[-0.003, -0.030, 0.189, 48.599, 4.824, -163.325]   ===>   [0.039, 0.023, -0.166],  actual: [0.040, 0.025, -0.166]  (mse: 0.000004)
[-0.031, -0.014, 0.186, -74.366, 15.974, -175.826]   ===>   [0.069, 0.046, -0.169],  actual: [0.069, 0.046, -0.169]  (mse: 0.000000)
[-0.001, 0.014, 0.181, -7.646, -16.605, -165.188]   ===>   [0.028, 0.073, -0.162],  actual: [0.029, 0.073, -0.164]  (mse: 0.000006)
[-0.020, -0.038, 0.176, 35.085, -1.839, -157.273]   ===>   [0.061, 0.016, -0.168],  actual: [0.061, 0.017, -0.167]  (mse: 0.000003)
[-0.006, -0.040, 0.192, 52.136, -2.240, -170.933]   ===>   [0.044, 0.015, -0.167],  actual: [0.043, 0.016, -0.167]  (mse: 0.000003)
[-0.012, -0.033, 0.184, 1.075, -3.632, -168.511]   ===>   [0.051, 0.022, -0.168],  actual: [0.050, 0.024, -0.167]  (mse: 0.000004)
[0.016, -0.045, 0.198, -56.834, 15.327, -153.558]   ===>   [0.022, 0.012, -0.163],  actual: [0.022, 0.012, -0.163]  (mse: 0.000000)
[0.022, -0.015, 0.187, 38.165, -12.557, -172.678]   ===>   [0.011, 0.037, -0.162],  actual: [0.011, 0.038, -0.163]  (mse: 0.000001)
[-0.023, 0.004, 0.174, 18.272, -17.427, -165.521]   ===>   [0.055, 0.065, -0.165],  actual: [0.054, 0.064, -0.166]  (mse: 0.000004)
[0.011, -0.013, 0.189, -75.761, 23.918, -167.336]   ===>   [0.025, 0.040, -0.164],  actual: [0.024, 0.041, -0.165]  (mse: 0.000002)
[-0.023, -0.044, 0.179, 78.168, 8.552, 178.483]   ===>   [0.063, 0.012, -0.169],  actual: [0.062, 0.013, -0.168]  (mse: 0.000006)
[0.006, -0.019, 0.170, -46.098, 11.757, -168.091]   ===>   [0.030, 0.034, -0.165],  actual: [0.030, 0.034, -0.165]  (mse: 0.000000)
[0.019, -0.015, 0.189, -49.752, -7.131, -173.432]   ===>   [0.014, 0.038, -0.162],  actual: [0.014, 0.040, -0.164]  (mse: 0.000005)
[-0.030, -0.026, 0.184, -40.711, 18.762, -166.376]   ===>   [0.070, 0.033, -0.169],  actual: [0.068, 0.034, -0.170]  (mse: 0.000006)
[0.013, -0.045, 0.201, 64.908, -7.363, -179.173]   ===>   [0.027, 0.011, -0.163],  actual: [0.025, 0.011, -0.165]  (mse: 0.000008)
[0.015, -0.032, 0.187, 81.998, 13.183, -176.061]   ===>   [0.021, 0.022, -0.162],  actual: [0.021, 0.023, -0.163]  (mse: 0.000001)
[-0.004, -0.024, 0.174, 29.450, -2.917, -161.130]   ===>   [0.042, 0.028, -0.167],  actual: [0.041, 0.028, -0.166]  (mse: 0.000003)
[-0.027, -0.043, 0.181, 73.730, 6.748, 173.150]   ===>   [0.068, 0.013, -0.169],  actual: [0.065, 0.016, -0.167]  (mse: 0.000019)
[0.009, -0.043, 0.195, -71.925, 9.072, -167.919]   ===>   [0.029, 0.013, -0.164],  actual: [0.029, 0.014, -0.163]  (mse: 0.000001)
[0.025, -0.028, 0.189, 56.812, -2.145, -168.123]   ===>   [0.010, 0.024, -0.162],  actual: [0.011, 0.024, -0.162]  (mse: 0.000001)
[0.014, -0.038, 0.192, -53.969, 16.356, -159.932]   ===>   [0.024, 0.016, -0.163],  actual: [0.024, 0.017, -0.163]  (mse: 0.000000)
[0.025, -0.025, 0.192, 79.685, 5.374, -166.010]   ===>   [0.011, 0.026, -0.162],  actual: [0.011, 0.027, -0.163]  (mse: 0.000001)
[0.015, 0.008, 0.179, 15.797, 4.381, -151.960]   ===>   [0.013, 0.061, -0.159],  actual: [0.014, 0.062, -0.160]  (mse: 0.000003)
[-0.033, -0.009, 0.186, -19.082, 18.523, -154.021]   ===>   [0.069, 0.051, -0.168],  actual: [0.069, 0.051, -0.169]  (mse: 0.000001)
[0.019, -0.031, 0.187, 60.425, -1.000, -156.950]   ===>   [0.018, 0.019, -0.162],  actual: [0.018, 0.020, -0.162]  (mse: 0.000000)
[0.012, -0.022, 0.189, -13.914, -1.873, -158.777]   ===>   [0.022, 0.030, -0.165],  actual: [0.022, 0.032, -0.164]  (mse: 0.000003)
[-0.009, -0.022, 0.181, 61.338, -1.512, -175.615]   ===>   [0.043, 0.033, -0.167],  actual: [0.044, 0.034, -0.166]  (mse: 0.000002)
[0.023, -0.016, 0.187, -8.861, -4.229, -170.427]   ===>   [0.009, 0.039, -0.162],  actual: [0.010, 0.038, -0.163]  (mse: 0.000002)
[0.012, -0.043, 0.195, 15.981, -5.643, -166.401]   ===>   [0.026, 0.011, -0.164],  actual: [0.024, 0.012, -0.164]  (mse: 0.000005)
[0.009, -0.024, 0.186, -32.738, 8.990, -154.326]   ===>   [0.026, 0.029, -0.164],  actual: [0.027, 0.029, -0.164]  (mse: 0.000001)
[0.026, -0.037, 0.186, 2.439, 10.495, -160.974]   ===>   [0.011, 0.014, -0.160],  actual: [0.012, 0.015, -0.160]  (mse: 0.000002)
[0.002, -0.010, 0.184, 31.926, -3.780, -166.258]   ===>   [0.030, 0.045, -0.164],  actual: [0.031, 0.045, -0.166]  (mse: 0.000005)
[-0.014, -0.034, 0.186, 1.067, -3.470, -167.942]   ===>   [0.052, 0.022, -0.168],  actual: [0.051, 0.023, -0.167]  (mse: 0.000002)
[0.022, -0.009, 0.187, -55.544, 11.689, -156.414]   ===>   [0.009, 0.043, -0.161],  actual: [0.010, 0.044, -0.162]  (mse: 0.000001)
[-0.011, -0.040, 0.186, -48.086, 5.911, -160.504]   ===>   [0.049, 0.016, -0.168],  actual: [0.049, 0.017, -0.167]  (mse: 0.000002)
[0.013, -0.012, 0.187, -29.699, -7.248, -167.106]   ===>   [0.019, 0.043, -0.163],  actual: [0.020, 0.043, -0.164]  (mse: 0.000003)
[-0.014, -0.014, 0.181, 41.685, -8.869, -171.287]   ===>   [0.049, 0.042, -0.167],  actual: [0.049, 0.042, -0.168]  (mse: 0.000001)
[0.022, -0.042, 0.183, -84.131, 16.675, -170.908]   ===>   [0.015, 0.011, -0.161],  actual: [0.016, 0.011, -0.162]  (mse: 0.000002)
[0.024, -0.004, 0.200, 89.000, 4.431, -170.656]   ===>   [0.010, 0.048, -0.162],  actual: [0.009, 0.048, -0.161]  (mse: 0.000002)
[-0.005, -0.004, 0.181, 41.300, -16.188, -169.332]   ===>   [0.038, 0.052, -0.163],  actual: [0.037, 0.051, -0.165]  (mse: 0.000004)
[0.023, -0.029, 0.186, 69.530, -8.178, -171.823]   ===>   [0.014, 0.022, -0.162],  actual: [0.013, 0.022, -0.162]  (mse: 0.000001)
[-0.030, -0.034, 0.189, 63.374, -4.065, -167.279]   ===>   [0.070, 0.021, -0.169],  actual: [0.068, 0.024, -0.168]  (mse: 0.000012)
[-0.015, -0.008, 0.174, -61.266, 16.200, -160.607]   ===>   [0.051, 0.047, -0.167],  actual: [0.050, 0.049, -0.167]  (mse: 0.000004)
[0.001, -0.041, 0.195, -47.521, 7.696, -159.272]   ===>   [0.037, 0.015, -0.166],  actual: [0.037, 0.016, -0.165]  (mse: 0.000001)
[-0.010, 0.000, 0.174, -60.523, 22.713, -163.506]   ===>   [0.045, 0.055, -0.165],  actual: [0.045, 0.057, -0.167]  (mse: 0.000006)
[-0.029, -0.038, 0.176, 42.299, -2.412, -167.128]   ===>   [0.071, 0.016, -0.169],  actual: [0.069, 0.018, -0.167]  (mse: 0.000012)
[0.018, -0.022, 0.189, 69.292, 0.078, -175.856]   ===>   [0.016, 0.030, -0.163],  actual: [0.016, 0.032, -0.164]  (mse: 0.000002)
[0.025, -0.041, 0.191, 53.006, -4.525, -168.199]   ===>   [0.013, 0.010, -0.161],  actual: [0.013, 0.011, -0.161]  (mse: 0.000000)
[-0.018, -0.037, 0.195, 73.817, 7.344, 173.620]   ===>   [0.054, 0.017, -0.167],  actual: [0.053, 0.022, -0.166]  (mse: 0.000033)
[-0.001, -0.015, 0.189, 62.784, 6.254, -176.589]   ===>   [0.035, 0.041, -0.165],  actual: [0.034, 0.042, -0.165]  (mse: 0.000001)
[-0.028, -0.040, 0.184, -47.310, 9.236, -150.469]   ===>   [0.067, 0.017, -0.168],  actual: [0.066, 0.020, -0.167]  (mse: 0.000011)
[-0.023, -0.036, 0.184, -32.178, 17.157, -148.127]   ===>   [0.062, 0.021, -0.167],  actual: [0.061, 0.022, -0.167]  (mse: 0.000005)
[0.023, -0.035, 0.195, -8.512, 3.151, -170.376]   ===>   [0.014, 0.018, -0.163],  actual: [0.015, 0.019, -0.162]  (mse: 0.000004)
[0.019, -0.018, 0.195, -30.224, -8.365, -169.097]   ===>   [0.014, 0.036, -0.162],  actual: [0.014, 0.038, -0.164]  (mse: 0.000006)
[0.012, -0.042, 0.195, 52.608, -2.555, -170.788]   ===>   [0.027, 0.012, -0.163],  actual: [0.026, 0.013, -0.164]  (mse: 0.000001)
[-0.031, -0.041, 0.181, -37.986, -9.354, -165.032]   ===>   [0.071, 0.016, -0.169],  actual: [0.070, 0.019, -0.167]  (mse: 0.000014)
[-0.005, 0.003, 0.179, -60.095, 23.642, -165.358]   ===>   [0.039, 0.057, -0.164],  actual: [0.039, 0.058, -0.165]  (mse: 0.000005)
[0.025, -0.044, 0.203, 52.937, -2.706, -168.836]   ===>   [0.016, 0.011, -0.161],  actual: [0.014, 0.011, -0.161]  (mse: 0.000002)
[-0.023, -0.038, 0.186, -65.401, 15.281, -158.899]   ===>   [0.062, 0.019, -0.168],  actual: [0.061, 0.020, -0.169]  (mse: 0.000002)
[-0.004, -0.020, 0.187, 16.072, 7.685, -153.520]   ===>   [0.040, 0.035, -0.165],  actual: [0.040, 0.035, -0.167]  (mse: 0.000003)
[0.020, -0.036, 0.195, -84.954, -9.198, -159.747]   ===>   [0.016, 0.020, -0.163],  actual: [0.015, 0.021, -0.164]  (mse: 0.000005)
[-0.031, -0.008, 0.176, -8.242, 6.720, -148.554]   ===>   [0.068, 0.051, -0.169],  actual: [0.067, 0.052, -0.169]  (mse: 0.000002)
[0.021, 0.013, 0.181, -29.145, -8.711, -169.035]   ===>   [0.008, 0.070, -0.157],  actual: [0.008, 0.069, -0.159]  (mse: 0.000003)
[0.025, -0.037, 0.176, -33.599, 8.522, -160.078]   ===>   [0.011, 0.012, -0.160],  actual: [0.011, 0.012, -0.160]  (mse: 0.000000)
[-0.013, -0.015, 0.186, -45.658, 13.310, -149.873]   ===>   [0.047, 0.040, -0.166],  actual: [0.047, 0.041, -0.166]  (mse: 0.000002)
[0.007, -0.018, 0.174, 0.907, 3.884, -161.648]   ===>   [0.028, 0.035, -0.165],  actual: [0.027, 0.035, -0.165]  (mse: 0.000001)
[-0.017, -0.022, 0.187, -75.428, 19.464, -156.566]   ===>   [0.051, 0.035, -0.167],  actual: [0.052, 0.036, -0.166]  (mse: 0.000003)
[-0.033, -0.016, 0.192, 7.413, -10.582, -156.511]   ===>   [0.068, 0.043, -0.169],  actual: [0.066, 0.044, -0.169]  (mse: 0.000004)
[0.019, -0.028, 0.184, -22.818, 2.795, -170.465]   ===>   [0.016, 0.024, -0.163],  actual: [0.016, 0.025, -0.162]  (mse: 0.000003)
[-0.012, -0.012, 0.172, 41.749, -8.145, -176.665]   ===>   [0.046, 0.044, -0.166],  actual: [0.046, 0.044, -0.167]  (mse: 0.000001)
[0.021, 0.008, 0.184, -34.714, -4.142, -173.094]   ===>   [0.009, 0.064, -0.158],  actual: [0.010, 0.064, -0.160]  (mse: 0.000002)
[0.011, -0.026, 0.189, 41.800, -6.504, -161.305]   ===>   [0.024, 0.026, -0.164],  actual: [0.024, 0.027, -0.164]  (mse: 0.000001)
