[0.020, -0.025, 0.186, 69.447, -4.637, -173.527]   ===>   [0.014, 0.027, -0.163],  actual: [0.015, 0.027, -0.163]  (mse: 0.000001)
[0.011, -0.016, 0.184, -64.267, -6.169, -164.665]   ===>   [0.022, 0.039, -0.164],  actual: [0.022, 0.040, -0.163]  (mse: 0.000001)
[0.027, -0.037, 0.191, 6.104, 12.493, -163.553]   ===>   [0.011, 0.015, -0.161],  actual: [0.011, 0.015, -0.161]  (mse: 0.000001)
[0.026, -0.031, 0.189, -12.287, 13.987, -156.487]   ===>   [0.011, 0.022, -0.162],  actual: [0.011, 0.021, -0.162]  (mse: 0.000001)
[-0.008, -0.027, 0.181, 14.987, 18.345, -152.481]   ===>   [0.046, 0.028, -0.167],  actual: [0.047, 0.028, -0.166]  (mse: 0.000003)
[-0.018, -0.038, 0.189, -70.354, 21.424, -158.759]   ===>   [0.056, 0.020, -0.168],  actual: [0.057, 0.020, -0.167]  (mse: 0.000003)
[-0.002, -0.014, 0.183, 26.942, -2.358, -174.795]   ===>   [0.034, 0.042, -0.166],  actual: [0.034, 0.042, -0.165]  (mse: 0.000001)
[0.002, -0.001, 0.174, 41.622, -12.319, -169.211]   ===>   [0.029, 0.054, -0.164],  actual: [0.030, 0.055, -0.163]  (mse: 0.000002)
[0.019, -0.028, 0.184, -22.818, 2.795, -170.465]   ===>   [0.016, 0.025, -0.163],  actual: [0.016, 0.025, -0.162]  (mse: 0.000003)
[-0.027, -0.043, 0.181, 73.730, 6.748, 173.150]   ===>   [0.065, 0.015, -0.167],  actual: [0.065, 0.016, -0.167]  (mse: 0.000001)
[-0.005, -0.040, 0.195, 51.583, -1.344, -162.782]   ===>   [0.042, 0.016, -0.167],  actual: [0.042, 0.016, -0.167]  (mse: 0.000001)
[0.015, -0.025, 0.192, -7.350, -4.739, -170.207]   ===>   [0.020, 0.030, -0.164],  actual: [0.020, 0.030, -0.163]  (mse: 0.000001)
[-0.014, -0.014, 0.170, 25.181, -8.311, -160.309]   ===>   [0.050, 0.040, -0.167],  actual: [0.050, 0.041, -0.168]  (mse: 0.000001)
[0.022, -0.030, 0.186, -6.637, 14.048, -162.748]   ===>   [0.014, 0.023, -0.163],  actual: [0.014, 0.022, -0.162]  (mse: 0.000000)
[-0.006, -0.042, 0.197, 34.163, -1.343, -172.990]   ===>   [0.042, 0.017, -0.167],  actual: [0.043, 0.016, -0.167]  (mse: 0.000002)
[-0.013, -0.034, 0.189, -25.340, 6.573, -154.857]   ===>   [0.049, 0.024, -0.167],  actual: [0.050, 0.024, -0.166]  (mse: 0.000002)
[0.006, -0.014, 0.186, 75.981, -4.009, -176.179]   ===>   [0.027, 0.040, -0.165],  actual: [0.027, 0.039, -0.165]  (mse: 0.000000)
[-0.019, -0.029, 0.167, 35.729, -3.154, -164.588]   ===>   [0.059, 0.024, -0.168],  actual: [0.059, 0.024, -0.169]  (mse: 0.000002)
[-0.019, -0.040, 0.181, 0.173, 13.209, -166.058]   ===>   [0.059, 0.017, -0.169],  actual: [0.058, 0.017, -0.168]  (mse: 0.000000)
[-0.027, -0.040, 0.179, 16.926, 4.186, -166.497]   ===>   [0.066, 0.016, -0.168],  actual: [0.068, 0.017, -0.168]  (mse: 0.000007)
[0.019, 0.013, 0.181, -5.916, -0.466, -167.102]   ===>   [0.009, 0.068, -0.160],  actual: [0.011, 0.068, -0.159]  (mse: 0.000003)
[-0.004, -0.019, 0.184, 85.811, -5.312, -160.387]   ===>   [0.041, 0.034, -0.167],  actual: [0.041, 0.035, -0.167]  (mse: 0.000001)
[0.020, 0.012, 0.181, 10.247, -8.738, -164.876]   ===>   [0.007, 0.066, -0.159],  actual: [0.009, 0.066, -0.159]  (mse: 0.000003)
[-0.031, -0.045, 0.184, 75.457, 1.907, 178.558]   ===>   [0.068, 0.014, -0.167],  actual: [0.070, 0.014, -0.167]  (mse: 0.000005)
[0.022, 0.016, 0.183, 18.182, 3.092, -148.518]   ===>   [0.006, 0.070, -0.159],  actual: [0.007, 0.069, -0.158]  (mse: 0.000003)
[-0.026, -0.043, 0.184, 73.179, 8.413, 173.961]   ===>   [0.063, 0.014, -0.167],  actual: [0.063, 0.016, -0.167]  (mse: 0.000004)
[0.019, -0.033, 0.195, -33.002, -5.671, -166.282]   ===>   [0.017, 0.022, -0.165],  actual: [0.017, 0.022, -0.165]  (mse: 0.000000)
[0.001, -0.011, 0.184, -44.934, 19.921, -155.564]   ===>   [0.033, 0.044, -0.166],  actual: [0.033, 0.044, -0.165]  (mse: 0.000001)
[-0.014, -0.023, 0.168, -49.325, 4.865, -162.664]   ===>   [0.052, 0.032, -0.168],  actual: [0.052, 0.031, -0.168]  (mse: 0.000002)
[0.021, -0.033, 0.189, 77.041, -0.802, -178.159]   ===>   [0.015, 0.020, -0.163],  actual: [0.015, 0.020, -0.162]  (mse: 0.000001)
[-0.009, -0.023, 0.189, 17.591, -7.102, -169.764]   ===>   [0.043, 0.035, -0.167],  actual: [0.045, 0.033, -0.167]  (mse: 0.000007)
[0.021, 0.010, 0.181, -2.460, 3.620, -157.833]   ===>   [0.008, 0.066, -0.159],  actual: [0.009, 0.065, -0.159]  (mse: 0.000001)
[-0.006, 0.002, 0.186, -60.279, 23.266, -167.377]   ===>   [0.041, 0.058, -0.166],  actual: [0.041, 0.058, -0.166]  (mse: 0.000001)
[0.001, -0.010, 0.180, -13.219, -7.402, -159.781]   ===>   [0.031, 0.045, -0.165],  actual: [0.031, 0.047, -0.164]  (mse: 0.000002)
[-0.025, -0.037, 0.181, -38.047, -13.026, -154.885]   ===>   [0.062, 0.021, -0.168],  actual: [0.062, 0.022, -0.167]  (mse: 0.000001)
[-0.024, -0.038, 0.181, 19.248, 4.558, -164.752]   ===>   [0.063, 0.019, -0.169],  actual: [0.065, 0.020, -0.170]  (mse: 0.000004)
[0.001, -0.018, 0.186, 76.004, -2.973, -178.176]   ===>   [0.032, 0.037, -0.166],  actual: [0.033, 0.036, -0.165]  (mse: 0.000001)
[0.026, -0.029, 0.192, 52.688, 4.196, -162.169]   ===>   [0.011, 0.024, -0.163],  actual: [0.011, 0.024, -0.162]  (mse: 0.000001)
[0.019, -0.029, 0.192, 37.038, -9.055, -167.700]   ===>   [0.017, 0.024, -0.163],  actual: [0.017, 0.024, -0.162]  (mse: 0.000001)
[0.026, -0.038, 0.189, 19.379, 5.530, -156.749]   ===>   [0.012, 0.014, -0.161],  actual: [0.012, 0.013, -0.161]  (mse: 0.000001)
[-0.016, -0.026, 0.184, -59.051, 17.917, -166.063]   ===>   [0.054, 0.031, -0.168],  actual: [0.053, 0.031, -0.168]  (mse: 0.000000)
[-0.019, -0.027, 0.177, -46.049, 12.404, -153.224]   ===>   [0.057, 0.030, -0.167],  actual: [0.057, 0.031, -0.166]  (mse: 0.000000)
[-0.012, 0.008, 0.175, -36.543, -9.820, -160.409]   ===>   [0.042, 0.068, -0.166],  actual: [0.043, 0.069, -0.167]  (mse: 0.000003)
[-0.023, -0.043, 0.189, -14.329, 20.812, -153.140]   ===>   [0.062, 0.016, -0.168],  actual: [0.062, 0.016, -0.168]  (mse: 0.000000)
[0.027, -0.033, 0.192, -55.593, 1.748, -165.339]   ===>   [0.010, 0.022, -0.163],  actual: [0.009, 0.021, -0.161]  (mse: 0.000005)
[-0.015, -0.012, 0.181, 15.953, -1.144, -156.872]   ===>   [0.050, 0.045, -0.168],  actual: [0.051, 0.045, -0.167]  (mse: 0.000002)
[0.006, -0.019, 0.179, 2.919, 5.067, -156.802]   ===>   [0.028, 0.034, -0.165],  actual: [0.028, 0.034, -0.165]  (mse: 0.000001)
[-0.018, -0.026, 0.168, -47.481, 12.808, -154.173]   ===>   [0.057, 0.031, -0.167],  actual: [0.057, 0.030, -0.166]  (mse: 0.000000)
[0.011, -0.014, 0.213, 75.379, 1.317, -179.237]   ===>   [0.023, 0.042, -0.165],  actual: [0.022, 0.041, -0.165]  (mse: 0.000001)
[0.024, -0.004, 0.200, 89.000, 4.431, -170.656]   ===>   [0.009, 0.049, -0.161],  actual: [0.009, 0.048, -0.161]  (mse: 0.000000)
[-0.028, -0.044, 0.186, -76.891, 0.606, -167.539]   ===>   [0.066, 0.017, -0.168],  actual: [0.068, 0.016, -0.167]  (mse: 0.000003)
[0.015, -0.037, 0.192, -29.069, 8.992, -161.272]   ===>   [0.022, 0.018, -0.163],  actual: [0.023, 0.017, -0.163]  (mse: 0.000001)
[-0.011, -0.040, 0.183, 9.878, -4.115, -167.498]   ===>   [0.049, 0.016, -0.167],  actual: [0.048, 0.016, -0.167]  (mse: 0.000000)
[0.012, -0.022, 0.186, 76.757, 1.629, -179.759]   ===>   [0.021, 0.031, -0.165],  actual: [0.022, 0.032, -0.164]  (mse: 0.000001)
[0.008, -0.024, 0.186, -56.318, 20.686, -155.855]   ===>   [0.028, 0.031, -0.165],  actual: [0.027, 0.031, -0.164]  (mse: 0.000001)
[-0.001, 0.011, 0.174, 30.532, -6.381, -160.268]   ===>   [0.030, 0.067, -0.164],  actual: [0.030, 0.067, -0.164]  (mse: 0.000000)
[0.009, -0.030, 0.192, -8.936, 10.552, -154.578]   ===>   [0.027, 0.026, -0.164],  actual: [0.028, 0.025, -0.164]  (mse: 0.000001)
[0.009, -0.006, 0.189, -61.569, 29.666, -159.042]   ===>   [0.025, 0.048, -0.164],  actual: [0.025, 0.048, -0.165]  (mse: 0.000000)
[0.011, -0.016, 0.186, -22.935, 5.467, -158.788]   ===>   [0.022, 0.037, -0.165],  actual: [0.024, 0.037, -0.164]  (mse: 0.000004)
[0.024, -0.024, 0.186, -20.367, 8.921, -161.879]   ===>   [0.010, 0.029, -0.163],  actual: [0.011, 0.028, -0.162]  (mse: 0.000001)
[-0.027, -0.030, 0.184, -87.087, 16.457, -159.104]   ===>   [0.064, 0.029, -0.168],  actual: [0.063, 0.030, -0.169]  (mse: 0.000003)
[0.020, -0.034, 0.195, -33.056, -5.633, -166.158]   ===>   [0.015, 0.021, -0.164],  actual: [0.015, 0.020, -0.164]  (mse: 0.000000)
[0.024, -0.036, 0.186, 79.636, 4.491, -164.860]   ===>   [0.014, 0.015, -0.161],  actual: [0.014, 0.014, -0.161]  (mse: 0.000000)
[0.025, -0.038, 0.195, -56.317, 4.680, -165.106]   ===>   [0.012, 0.017, -0.162],  actual: [0.012, 0.017, -0.161]  (mse: 0.000002)
[-0.032, -0.033, 0.184, -60.749, 1.257, -152.574]   ===>   [0.068, 0.027, -0.169],  actual: [0.069, 0.027, -0.168]  (mse: 0.000001)
[0.015, 0.003, 0.186, -48.881, 21.358, -155.155]   ===>   [0.016, 0.057, -0.162],  actual: [0.017, 0.056, -0.162]  (mse: 0.000002)
[0.008, -0.031, 0.195, 43.997, 3.607, -168.655]   ===>   [0.028, 0.025, -0.164],  actual: [0.028, 0.025, -0.164]  (mse: 0.000000)
[0.019, -0.035, 0.186, -74.642, 3.665, -176.471]   ===>   [0.018, 0.020, -0.163],  actual: [0.018, 0.019, -0.162]  (mse: 0.000001)
[0.022, -0.001, 0.187, 38.488, -12.705, -173.493]   ===>   [0.008, 0.052, -0.161],  actual: [0.009, 0.053, -0.161]  (mse: 0.000001)
[0.018, -0.043, 0.189, -76.357, -5.609, -173.370]   ===>   [0.020, 0.013, -0.163],  actual: [0.019, 0.012, -0.162]  (mse: 0.000001)
[0.022, -0.010, 0.197, 4.410, 3.407, -161.652]   ===>   [0.012, 0.043, -0.163],  actual: [0.012, 0.045, -0.161]  (mse: 0.000007)
[-0.032, -0.044, 0.184, 21.512, -14.025, -163.733]   ===>   [0.071, 0.014, -0.168],  actual: [0.070, 0.014, -0.167]  (mse: 0.000002)
[-0.031, -0.045, 0.184, 74.274, 4.912, 173.918]   ===>   [0.068, 0.014, -0.167],  actual: [0.068, 0.014, -0.167]  (mse: 0.000001)
[-0.031, -0.008, 0.195, -70.437, 13.946, -172.496]   ===>   [0.065, 0.051, -0.169],  actual: [0.066, 0.051, -0.169]  (mse: 0.000001)
[0.024, -0.016, 0.184, -76.859, 18.021, -176.611]   ===>   [0.011, 0.037, -0.163],  actual: [0.012, 0.037, -0.162]  (mse: 0.000003)
[-0.005, -0.042, 0.192, -60.282, -7.401, -172.282]   ===>   [0.041, 0.017, -0.167],  actual: [0.042, 0.017, -0.167]  (mse: 0.000002)
[0.027, -0.046, 0.198, -55.987, 6.323, -160.258]   ===>   [0.012, 0.012, -0.162],  actual: [0.011, 0.011, -0.160]  (mse: 0.000003)
[-0.031, -0.032, 0.184, -37.867, -9.417, -165.323]   ===>   [0.067, 0.028, -0.169],  actual: [0.069, 0.029, -0.168]  (mse: 0.000002)
[0.006, -0.005, 0.176, 17.309, -9.801, -168.536]   ===>   [0.026, 0.050, -0.164],  actual: [0.027, 0.050, -0.163]  (mse: 0.000000)
[0.006, -0.039, 0.189, -6.268, -0.385, -165.912]   ===>   [0.032, 0.016, -0.165],  actual: [0.032, 0.015, -0.164]  (mse: 0.000001)
[-0.005, -0.029, 0.184, -49.463, 9.676, -159.487]   ===>   [0.042, 0.027, -0.167],  actual: [0.042, 0.027, -0.166]  (mse: 0.000000)
[-0.028, -0.041, 0.181, 0.204, -10.286, -158.633]   ===>   [0.066, 0.016, -0.168],  actual: [0.067, 0.017, -0.167]  (mse: 0.000002)
[0.020, -0.035, 0.195, -74.673, 21.052, -151.407]   ===>   [0.016, 0.021, -0.163],  actual: [0.015, 0.020, -0.164]  (mse: 0.000003)
[0.012, 0.000, 0.179, -21.121, -3.604, -167.549]   ===>   [0.018, 0.056, -0.162],  actual: [0.018, 0.057, -0.162]  (mse: 0.000001)
[0.005, -0.019, 0.179, -28.330, -4.635, -164.438]   ===>   [0.029, 0.035, -0.166],  actual: [0.029, 0.035, -0.165]  (mse: 0.000000)
[-0.004, -0.017, 0.181, -4.204, 11.871, -152.868]   ===>   [0.040, 0.038, -0.166],  actual: [0.039, 0.039, -0.165]  (mse: 0.000002)
[0.024, -0.025, 0.186, -24.350, -6.614, -172.330]   ===>   [0.010, 0.028, -0.163],  actual: [0.010, 0.028, -0.162]  (mse: 0.000001)
[-0.029, -0.042, 0.184, -6.030, 16.509, -148.521]   ===>   [0.068, 0.017, -0.168],  actual: [0.069, 0.016, -0.168]  (mse: 0.000001)
[0.002, -0.042, 0.189, -62.523, -0.731, -173.816]   ===>   [0.036, 0.015, -0.168],  actual: [0.036, 0.015, -0.165]  (mse: 0.000005)
[0.022, 0.012, 0.182, 9.363, -2.101, -157.205]   ===>   [0.007, 0.066, -0.159],  actual: [0.008, 0.066, -0.159]  (mse: 0.000002)
[0.015, -0.043, 0.195, 8.778, -7.565, -169.532]   ===>   [0.022, 0.013, -0.164],  actual: [0.022, 0.012, -0.163]  (mse: 0.000001)
[0.024, -0.025, 0.189, 43.879, 3.071, -157.350]   ===>   [0.011, 0.027, -0.163],  actual: [0.011, 0.026, -0.162]  (mse: 0.000003)
[-0.007, -0.009, 0.170, -44.297, 16.607, -154.228]   ===>   [0.043, 0.046, -0.166],  actual: [0.043, 0.046, -0.166]  (mse: 0.000001)
[0.008, -0.026, 0.187, 70.933, -4.601, -164.330]   ===>   [0.029, 0.027, -0.165],  actual: [0.029, 0.027, -0.165]  (mse: 0.000000)
[0.025, -0.038, 0.184, -57.824, 10.849, -160.355]   ===>   [0.011, 0.015, -0.161],  actual: [0.011, 0.015, -0.161]  (mse: 0.000001)
[0.007, -0.003, 0.172, -69.716, -2.881, -162.411]   ===>   [0.023, 0.053, -0.163],  actual: [0.023, 0.053, -0.163]  (mse: 0.000000)
[-0.028, -0.041, 0.179, 21.926, 1.876, -156.672]   ===>   [0.068, 0.015, -0.168],  actual: [0.069, 0.016, -0.167]  (mse: 0.000002)
[0.004, -0.020, 0.187, -39.436, 12.777, -151.629]   ===>   [0.031, 0.034, -0.166],  actual: [0.030, 0.035, -0.165]  (mse: 0.000003)
[0.020, 0.012, 0.179, 0.863, -5.552, -163.032]   ===>   [0.008, 0.067, -0.159],  actual: [0.009, 0.067, -0.159]  (mse: 0.000002)
[-0.029, -0.048, 0.197, -57.384, 2.517, -168.399]   ===>   [0.065, 0.015, -0.168],  actual: [0.066, 0.015, -0.167]  (mse: 0.000003)
[0.002, -0.004, 0.176, -73.240, 15.331, -164.413]   ===>   [0.031, 0.052, -0.164],  actual: [0.031, 0.052, -0.165]  (mse: 0.000000)
[-0.006, -0.019, 0.172, -31.997, -13.785, -167.463]   ===>   [0.041, 0.036, -0.167],  actual: [0.041, 0.037, -0.166]  (mse: 0.000002)
[0.019, -0.037, 0.192, 56.059, 0.452, -174.223]   ===>   [0.018, 0.017, -0.163],  actual: [0.018, 0.017, -0.162]  (mse: 0.000001)
[-0.026, -0.036, 0.186, -49.765, 8.325, -157.510]   ===>   [0.063, 0.023, -0.169],  actual: [0.063, 0.024, -0.170]  (mse: 0.000002)
[0.005, -0.042, 0.195, 76.670, 9.711, -167.360]   ===>   [0.033, 0.014, -0.166],  actual: [0.033, 0.013, -0.166]  (mse: 0.000000)
[0.011, 0.005, 0.176, 16.553, -7.590, -156.214]   ===>   [0.020, 0.059, -0.162],  actual: [0.020, 0.060, -0.162]  (mse: 0.000000)
[-0.030, -0.021, 0.189, -70.239, 14.326, -172.304]   ===>   [0.068, 0.038, -0.170],  actual: [0.068, 0.038, -0.170]  (mse: 0.000000)
[0.007, -0.041, 0.195, -52.759, 7.841, -156.793]   ===>   [0.030, 0.016, -0.164],  actual: [0.030, 0.015, -0.165]  (mse: 0.000003)
[0.006, 0.001, 0.169, -61.136, -1.116, -155.147]   ===>   [0.024, 0.057, -0.163],  actual: [0.024, 0.058, -0.162]  (mse: 0.000000)
[-0.015, -0.012, 0.174, 2.884, 18.951, -148.852]   ===>   [0.052, 0.045, -0.168],  actual: [0.052, 0.045, -0.167]  (mse: 0.000000)
[-0.007, -0.030, 0.192, 85.962, -1.179, -160.293]   ===>   [0.045, 0.025, -0.168],  actual: [0.044, 0.025, -0.168]  (mse: 0.000000)
[0.000, -0.041, 0.192, 52.316, -2.401, -170.843]   ===>   [0.037, 0.016, -0.166],  actual: [0.037, 0.015, -0.166]  (mse: 0.000001)
[-0.021, -0.043, 0.179, -41.928, 7.509, -167.452]   ===>   [0.061, 0.014, -0.168],  actual: [0.062, 0.014, -0.167]  (mse: 0.000002)
[0.022, -0.021, 0.189, 38.115, -11.783, -173.496]   ===>   [0.012, 0.031, -0.163],  actual: [0.012, 0.032, -0.164]  (mse: 0.000000)
[0.014, -0.035, 0.189, 55.836, 3.096, -177.179]   ===>   [0.022, 0.020, -0.163],  actual: [0.022, 0.020, -0.163]  (mse: 0.000000)
[-0.032, -0.022, 0.186, -68.358, 21.428, -159.953]   ===>   [0.069, 0.038, -0.170],  actual: [0.069, 0.038, -0.169]  (mse: 0.000001)
[-0.030, -0.016, 0.195, -69.573, 15.774, -174.901]   ===>   [0.066, 0.044, -0.170],  actual: [0.067, 0.044, -0.169]  (mse: 0.000000)
[0.001, -0.019, 0.187, -16.788, 10.010, -152.043]   ===>   [0.034, 0.035, -0.166],  actual: [0.033, 0.036, -0.165]  (mse: 0.000004)
[0.014, -0.027, 0.192, 47.201, -9.433, -166.114]   ===>   [0.022, 0.026, -0.164],  actual: [0.021, 0.026, -0.165]  (mse: 0.000003)
[0.010, -0.040, 0.189, 9.031, 10.797, -159.399]   ===>   [0.028, 0.015, -0.164],  actual: [0.029, 0.014, -0.165]  (mse: 0.000001)
[-0.014, -0.025, 0.165, -35.132, 5.044, -164.759]   ===>   [0.052, 0.030, -0.168],  actual: [0.053, 0.030, -0.168]  (mse: 0.000000)
[-0.028, -0.043, 0.189, 11.060, -9.666, -155.548]   ===>   [0.065, 0.016, -0.168],  actual: [0.065, 0.015, -0.168]  (mse: 0.000001)
[0.008, -0.017, 0.187, 56.771, -2.839, -178.158]   ===>   [0.025, 0.037, -0.165],  actual: [0.025, 0.038, -0.164]  (mse: 0.000001)
[-0.003, -0.040, 0.189, -44.983, -4.657, -166.372]   ===>   [0.039, 0.017, -0.167],  actual: [0.039, 0.017, -0.166]  (mse: 0.000002)
[-0.027, -0.037, 0.176, 19.463, -10.129, -172.970]   ===>   [0.065, 0.020, -0.168],  actual: [0.066, 0.019, -0.170]  (mse: 0.000003)
[0.026, -0.037, 0.186, 4.497, 0.783, -156.649]   ===>   [0.011, 0.015, -0.161],  actual: [0.011, 0.014, -0.161]  (mse: 0.000001)
[0.009, -0.043, 0.195, -71.925, 9.072, -167.919]   ===>   [0.029, 0.014, -0.165],  actual: [0.029, 0.014, -0.163]  (mse: 0.000001)
[0.025, -0.041, 0.191, 53.006, -4.525, -168.199]   ===>   [0.014, 0.012, -0.161],  actual: [0.013, 0.011, -0.161]  (mse: 0.000002)
[0.011, -0.007, 0.174, -73.359, 23.588, -175.919]   ===>   [0.024, 0.047, -0.164],  actual: [0.024, 0.046, -0.165]  (mse: 0.000000)
[-0.006, -0.020, 0.184, 56.189, -4.203, -172.711]   ===>   [0.039, 0.035, -0.167],  actual: [0.040, 0.035, -0.167]  (mse: 0.000000)
[0.022, -0.010, 0.190, 0.799, -2.638, -167.401]   ===>   [0.010, 0.045, -0.163],  actual: [0.011, 0.045, -0.161]  (mse: 0.000004)
[0.019, -0.001, 0.187, -23.825, -7.704, -156.780]   ===>   [0.010, 0.053, -0.161],  actual: [0.010, 0.054, -0.160]  (mse: 0.000003)
[-0.009, -0.042, 0.201, 49.542, 5.529, -163.497]   ===>   [0.046, 0.016, -0.168],  actual: [0.046, 0.015, -0.167]  (mse: 0.000002)
[0.004, 0.008, 0.178, -38.276, -3.660, -163.408]   ===>   [0.026, 0.066, -0.164],  actual: [0.025, 0.067, -0.164]  (mse: 0.000001)
[0.011, -0.013, 0.189, 55.650, 3.510, -168.298]   ===>   [0.022, 0.041, -0.165],  actual: [0.022, 0.041, -0.165]  (mse: 0.000000)
[-0.021, -0.032, 0.181, 10.422, -1.485, -163.732]   ===>   [0.059, 0.025, -0.168],  actual: [0.059, 0.025, -0.169]  (mse: 0.000001)
[-0.014, -0.028, 0.184, -42.806, -5.261, -157.701]   ===>   [0.049, 0.030, -0.167],  actual: [0.050, 0.030, -0.168]  (mse: 0.000001)
[0.019, -0.031, 0.187, 60.425, -1.000, -156.950]   ===>   [0.018, 0.020, -0.163],  actual: [0.018, 0.020, -0.162]  (mse: 0.000000)
[0.027, -0.039, 0.189, -32.205, -4.625, -178.812]   ===>   [0.011, 0.016, -0.161],  actual: [0.010, 0.015, -0.161]  (mse: 0.000001)
[0.010, 0.011, 0.181, 12.529, -0.378, -152.999]   ===>   [0.020, 0.065, -0.163],  actual: [0.019, 0.066, -0.164]  (mse: 0.000003)
[0.006, -0.022, 0.187, -54.336, -4.657, -159.047]   ===>   [0.028, 0.034, -0.165],  actual: [0.028, 0.034, -0.165]  (mse: 0.000000)
[0.006, -0.009, 0.195, -45.000, 22.778, -172.230]   ===>   [0.030, 0.046, -0.165],  actual: [0.030, 0.046, -0.166]  (mse: 0.000000)
[-0.004, -0.040, 0.189, -8.092, 8.817, -158.365]   ===>   [0.041, 0.016, -0.167],  actual: [0.041, 0.016, -0.166]  (mse: 0.000001)
[0.014, -0.026, 0.189, 76.048, -12.184, -175.944]   ===>   [0.021, 0.026, -0.164],  actual: [0.022, 0.026, -0.165]  (mse: 0.000001)
[-0.002, -0.004, 0.174, 41.522, -13.438, -168.216]   ===>   [0.035, 0.051, -0.165],  actual: [0.035, 0.052, -0.164]  (mse: 0.000001)
[-0.029, 0.001, 0.192, -76.107, 19.664, -177.746]   ===>   [0.063, 0.060, -0.168],  actual: [0.064, 0.061, -0.168]  (mse: 0.000001)
[-0.036, 0.005, 0.186, -50.202, 14.080, -154.707]   ===>   [0.069, 0.065, -0.169],  actual: [0.069, 0.065, -0.170]  (mse: 0.000000)
[0.001, 0.007, 0.184, -61.314, 29.192, -156.422]   ===>   [0.031, 0.062, -0.164],  actual: [0.031, 0.062, -0.166]  (mse: 0.000002)
[0.023, -0.039, 0.198, -22.873, -2.334, -170.372]   ===>   [0.015, 0.017, -0.164],  actual: [0.014, 0.017, -0.161]  (mse: 0.000011)
[0.019, -0.038, 0.192, 10.755, -3.607, -168.176]   ===>   [0.017, 0.016, -0.163],  actual: [0.017, 0.016, -0.161]  (mse: 0.000003)
[0.002, -0.024, 0.189, -88.493, 12.772, -170.489]   ===>   [0.034, 0.032, -0.166],  actual: [0.035, 0.033, -0.166]  (mse: 0.000002)
[0.008, -0.017, 0.186, -30.352, -11.936, -177.018]   ===>   [0.025, 0.040, -0.165],  actual: [0.025, 0.040, -0.165]  (mse: 0.000001)
[-0.025, -0.038, 0.184, -80.589, 22.534, -164.744]   ===>   [0.064, 0.020, -0.169],  actual: [0.065, 0.020, -0.167]  (mse: 0.000004)
[-0.020, 0.006, 0.186, 20.382, 4.024, -146.622]   ===>   [0.053, 0.063, -0.167],  actual: [0.053, 0.063, -0.166]  (mse: 0.000001)
[0.019, 0.009, 0.172, -85.566, -5.492, -165.888]   ===>   [0.008, 0.066, -0.159],  actual: [0.009, 0.066, -0.159]  (mse: 0.000002)
[0.023, -0.039, 0.186, -80.956, 7.132, -160.611]   ===>   [0.013, 0.015, -0.161],  actual: [0.013, 0.015, -0.161]  (mse: 0.000000)
[0.024, -0.015, 0.184, -19.956, 11.665, -162.507]   ===>   [0.009, 0.037, -0.163],  actual: [0.010, 0.037, -0.163]  (mse: 0.000001)
[0.007, -0.001, 0.177, 8.712, -2.527, -162.257]   ===>   [0.025, 0.054, -0.163],  actual: [0.024, 0.054, -0.162]  (mse: 0.000004)
[-0.017, -0.035, 0.179, 0.786, -5.231, -165.384]   ===>   [0.054, 0.021, -0.167],  actual: [0.055, 0.021, -0.167]  (mse: 0.000001)
[-0.029, -0.040, 0.186, -40.877, 13.162, -146.654]   ===>   [0.067, 0.019, -0.167],  actual: [0.067, 0.019, -0.167]  (mse: 0.000000)
[0.003, -0.040, 0.189, 8.783, 8.544, -161.887]   ===>   [0.034, 0.015, -0.165],  actual: [0.035, 0.014, -0.166]  (mse: 0.000001)
[0.026, -0.035, 0.192, -83.557, 4.086, -174.020]   ===>   [0.011, 0.020, -0.162],  actual: [0.011, 0.019, -0.161]  (mse: 0.000001)
[0.023, -0.030, 0.192, 74.367, 6.032, -161.212]   ===>   [0.014, 0.022, -0.163],  actual: [0.014, 0.022, -0.163]  (mse: 0.000001)
[0.001, -0.039, 0.198, 42.841, -6.220, -159.817]   ===>   [0.036, 0.017, -0.165],  actual: [0.036, 0.016, -0.167]  (mse: 0.000006)
[0.013, -0.024, 0.192, 44.449, -4.261, -158.542]   ===>   [0.023, 0.029, -0.164],  actual: [0.023, 0.029, -0.165]  (mse: 0.000000)
[0.019, -0.037, 0.181, -81.592, 20.969, -164.798]   ===>   [0.018, 0.015, -0.162],  actual: [0.018, 0.014, -0.162]  (mse: 0.000001)
[0.016, -0.029, 0.195, -52.567, 3.573, -161.765]   ===>   [0.019, 0.026, -0.165],  actual: [0.019, 0.026, -0.165]  (mse: 0.000000)
[-0.013, -0.041, 0.192, -63.705, 16.066, -151.186]   ===>   [0.050, 0.018, -0.168],  actual: [0.050, 0.018, -0.167]  (mse: 0.000000)
[-0.032, -0.036, 0.184, 3.968, -11.013, -172.005]   ===>   [0.069, 0.024, -0.169],  actual: [0.069, 0.024, -0.167]  (mse: 0.000003)
[0.006, -0.015, 0.189, 36.124, 1.457, -157.928]   ===>   [0.028, 0.039, -0.165],  actual: [0.027, 0.039, -0.165]  (mse: 0.000001)
[-0.027, -0.022, 0.181, 83.336, -2.137, -160.948]   ===>   [0.065, 0.035, -0.169],  actual: [0.068, 0.035, -0.168]  (mse: 0.000009)
[-0.031, -0.008, 0.189, -55.934, 17.650, -168.302]   ===>   [0.066, 0.052, -0.170],  actual: [0.067, 0.053, -0.169]  (mse: 0.000001)
[-0.009, -0.022, 0.181, 61.338, -1.512, -175.615]   ===>   [0.043, 0.034, -0.167],  actual: [0.044, 0.034, -0.166]  (mse: 0.000002)
[0.013, -0.018, 0.195, 73.911, 0.405, -177.427]   ===>   [0.020, 0.036, -0.164],  actual: [0.021, 0.037, -0.163]  (mse: 0.000003)
[0.017, 0.008, 0.167, -61.364, 3.798, -157.895]   ===>   [0.011, 0.064, -0.160],  actual: [0.012, 0.064, -0.159]  (mse: 0.000001)
[0.025, -0.037, 0.176, -33.599, 8.522, -160.078]   ===>   [0.011, 0.013, -0.161],  actual: [0.011, 0.012, -0.160]  (mse: 0.000001)
[0.008, -0.039, 0.189, 12.579, 7.623, -167.660]   ===>   [0.030, 0.015, -0.164],  actual: [0.030, 0.015, -0.164]  (mse: 0.000001)
[-0.030, -0.043, 0.186, -52.290, 18.975, -149.841]   ===>   [0.069, 0.017, -0.168],  actual: [0.069, 0.017, -0.167]  (mse: 0.000001)
[-0.013, -0.039, 0.186, -33.572, -4.915, -172.927]   ===>   [0.050, 0.019, -0.168],  actual: [0.050, 0.018, -0.168]  (mse: 0.000002)
[0.024, 0.017, 0.192, 63.351, -7.552, -164.173]   ===>   [0.005, 0.069, -0.158],  actual: [0.005, 0.069, -0.158]  (mse: 0.000000)
[0.016, -0.042, 0.192, -64.746, -6.808, -155.945]   ===>   [0.021, 0.016, -0.163],  actual: [0.020, 0.014, -0.162]  (mse: 0.000003)
[-0.020, -0.045, 0.189, -15.492, -10.878, -171.990]   ===>   [0.056, 0.015, -0.168],  actual: [0.058, 0.014, -0.167]  (mse: 0.000006)
[0.025, 0.007, 0.210, 52.430, -1.670, -175.406]   ===>   [0.007, 0.061, -0.160],  actual: [0.007, 0.061, -0.159]  (mse: 0.000001)
[-0.014, -0.026, 0.172, 86.601, 0.667, -165.733]   ===>   [0.053, 0.028, -0.168],  actual: [0.054, 0.028, -0.168]  (mse: 0.000001)
[-0.004, -0.017, 0.186, -37.359, 17.983, -153.293]   ===>   [0.040, 0.038, -0.167],  actual: [0.040, 0.039, -0.166]  (mse: 0.000002)
[0.018, 0.008, 0.189, -64.110, -4.346, -155.881]   ===>   [0.011, 0.064, -0.160],  actual: [0.012, 0.064, -0.159]  (mse: 0.000001)
[0.025, -0.012, 0.195, -83.873, 11.806, 178.011]   ===>   [0.009, 0.042, -0.162],  actual: [0.011, 0.041, -0.161]  (mse: 0.000007)
[-0.014, -0.019, 0.179, -12.164, -6.089, -156.327]   ===>   [0.049, 0.037, -0.168],  actual: [0.049, 0.037, -0.167]  (mse: 0.000001)
[-0.019, 0.014, 0.179, -68.299, 29.371, -158.903]   ===>   [0.053, 0.072, -0.167],  actual: [0.052, 0.072, -0.167]  (mse: 0.000000)
[0.024, -0.041, 0.195, 33.228, 6.672, -168.879]   ===>   [0.014, 0.014, -0.162],  actual: [0.014, 0.013, -0.161]  (mse: 0.000001)
[0.019, 0.009, 0.183, 6.839, -8.368, -160.991]   ===>   [0.009, 0.063, -0.160],  actual: [0.011, 0.063, -0.160]  (mse: 0.000005)
[0.024, -0.025, 0.184, -4.754, 17.428, -151.579]   ===>   [0.011, 0.027, -0.162],  actual: [0.011, 0.026, -0.162]  (mse: 0.000002)
[-0.029, -0.038, 0.179, -29.782, -2.227, -164.502]   ===>   [0.068, 0.020, -0.170],  actual: [0.069, 0.020, -0.168]  (mse: 0.000009)
[-0.030, -0.009, 0.195, -57.420, 17.121, -169.798]   ===>   [0.065, 0.051, -0.170],  actual: [0.066, 0.051, -0.169]  (mse: 0.000001)
[-0.015, 0.008, 0.171, -44.196, -10.655, -156.536]   ===>   [0.046, 0.069, -0.166],  actual: [0.046, 0.071, -0.166]  (mse: 0.000003)
[0.021, -0.039, 0.186, 69.353, -0.955, -172.988]   ===>   [0.017, 0.013, -0.162],  actual: [0.016, 0.013, -0.161]  (mse: 0.000002)
[-0.008, -0.028, 0.181, -13.504, 18.890, -155.513]   ===>   [0.046, 0.027, -0.168],  actual: [0.046, 0.027, -0.166]  (mse: 0.000002)
[-0.025, -0.048, 0.195, -42.225, 6.680, -167.423]   ===>   [0.063, 0.014, -0.168],  actual: [0.064, 0.014, -0.167]  (mse: 0.000001)
[0.020, -0.039, 0.189, -5.750, 13.755, -159.804]   ===>   [0.017, 0.014, -0.162],  actual: [0.017, 0.014, -0.161]  (mse: 0.000001)
[-0.029, -0.017, 0.184, -13.513, 20.637, -155.790]   ===>   [0.066, 0.042, -0.170],  actual: [0.066, 0.042, -0.169]  (mse: 0.000000)
[-0.012, 0.001, 0.176, -67.563, 24.928, -155.795]   ===>   [0.046, 0.057, -0.167],  actual: [0.046, 0.057, -0.166]  (mse: 0.000000)
[-0.000, -0.028, 0.192, -83.075, -4.032, -156.991]   ===>   [0.033, 0.031, -0.166],  actual: [0.034, 0.031, -0.166]  (mse: 0.000001)
[0.017, -0.027, 0.186, -3.391, 17.072, -153.482]   ===>   [0.019, 0.026, -0.164],  actual: [0.019, 0.026, -0.163]  (mse: 0.000002)
[0.022, -0.038, 0.195, 11.984, -8.097, -163.234]   ===>   [0.016, 0.016, -0.163],  actual: [0.015, 0.015, -0.164]  (mse: 0.000003)
[0.024, -0.041, 0.182, -45.334, 13.694, -155.452]   ===>   [0.013, 0.012, -0.161],  actual: [0.012, 0.011, -0.160]  (mse: 0.000001)
[-0.015, -0.041, 0.187, -32.117, 3.008, -159.529]   ===>   [0.052, 0.017, -0.168],  actual: [0.052, 0.018, -0.168]  (mse: 0.000000)
[0.015, -0.010, 0.195, -76.826, 15.168, -175.745]   ===>   [0.019, 0.044, -0.164],  actual: [0.020, 0.044, -0.164]  (mse: 0.000001)
[-0.016, -0.042, 0.184, 17.506, 5.696, -151.293]   ===>   [0.054, 0.015, -0.168],  actual: [0.057, 0.014, -0.168]  (mse: 0.000008)
[-0.030, -0.010, 0.195, -69.749, 15.375, -174.225]   ===>   [0.065, 0.049, -0.169],  actual: [0.066, 0.050, -0.169]  (mse: 0.000001)
[0.009, -0.008, 0.198, -68.594, 17.214, -174.504]   ===>   [0.027, 0.047, -0.165],  actual: [0.027, 0.047, -0.165]  (mse: 0.000000)
[-0.031, -0.034, 0.186, -60.245, 7.552, -162.549]   ===>   [0.068, 0.026, -0.169],  actual: [0.069, 0.027, -0.168]  (mse: 0.000001)
[0.018, 0.011, 0.192, -78.274, 18.444, -156.265]   ===>   [0.012, 0.065, -0.161],  actual: [0.011, 0.065, -0.163]  (mse: 0.000007)
[-0.023, -0.030, 0.179, 48.324, -2.901, 179.115]   ===>   [0.059, 0.026, -0.168],  actual: [0.060, 0.028, -0.169]  (mse: 0.000008)
[-0.005, -0.021, 0.189, -33.981, 19.583, -172.668]   ===>   [0.044, 0.036, -0.167],  actual: [0.044, 0.037, -0.166]  (mse: 0.000004)
[0.016, -0.028, 0.177, 7.440, 12.100, -164.525]   ===>   [0.019, 0.023, -0.163],  actual: [0.021, 0.024, -0.163]  (mse: 0.000004)
[-0.029, -0.045, 0.184, 9.623, -1.698, -167.318]   ===>   [0.067, 0.015, -0.168],  actual: [0.067, 0.015, -0.167]  (mse: 0.000000)
[-0.030, -0.044, 0.186, -48.416, 9.849, -155.067]   ===>   [0.069, 0.015, -0.168],  actual: [0.069, 0.016, -0.167]  (mse: 0.000001)
[-0.017, -0.026, 0.181, 73.859, -8.029, 174.537]   ===>   [0.054, 0.028, -0.168],  actual: [0.053, 0.030, -0.168]  (mse: 0.000006)
[-0.008, -0.042, 0.192, -27.623, -3.321, -162.573]   ===>   [0.044, 0.017, -0.168],  actual: [0.044, 0.016, -0.167]  (mse: 0.000001)
[-0.009, -0.043, 0.189, -83.698, 14.402, -170.076]   ===>   [0.047, 0.015, -0.168],  actual: [0.048, 0.014, -0.167]  (mse: 0.000001)
[0.002, -0.017, 0.176, -1.583, -7.623, -163.356]   ===>   [0.032, 0.036, -0.166],  actual: [0.032, 0.036, -0.165]  (mse: 0.000000)
[0.022, -0.010, 0.189, -84.252, 19.302, -162.063]   ===>   [0.011, 0.044, -0.162],  actual: [0.011, 0.044, -0.161]  (mse: 0.000003)
[0.009, 0.012, 0.181, 38.173, -13.982, -170.634]   ===>   [0.020, 0.067, -0.162],  actual: [0.020, 0.067, -0.161]  (mse: 0.000002)
[0.023, -0.040, 0.189, 62.302, 10.139, -176.714]   ===>   [0.014, 0.014, -0.162],  actual: [0.013, 0.013, -0.161]  (mse: 0.000002)
[0.021, -0.040, 0.198, -40.692, -11.888, -172.921]   ===>   [0.016, 0.018, -0.163],  actual: [0.016, 0.016, -0.164]  (mse: 0.000004)
[0.018, -0.035, 0.192, -49.851, 10.467, -159.774]   ===>   [0.019, 0.020, -0.163],  actual: [0.019, 0.019, -0.162]  (mse: 0.000003)
[-0.030, -0.021, 0.179, -47.807, 14.787, -152.509]   ===>   [0.067, 0.037, -0.169],  actual: [0.067, 0.038, -0.168]  (mse: 0.000001)
[-0.030, -0.043, 0.181, 72.988, -8.418, 176.438]   ===>   [0.067, 0.016, -0.168],  actual: [0.070, 0.014, -0.167]  (mse: 0.000010)
[-0.026, 0.012, 0.186, -46.962, 24.719, -172.367]   ===>   [0.062, 0.072, -0.168],  actual: [0.062, 0.072, -0.167]  (mse: 0.000001)
[-0.029, -0.017, 0.189, -69.420, 16.132, -175.232]   ===>   [0.067, 0.042, -0.170],  actual: [0.067, 0.042, -0.170]  (mse: 0.000000)
[0.023, 0.012, 0.189, 89.451, 17.872, -173.987]   ===>   [0.005, 0.068, -0.158],  actual: [0.007, 0.066, -0.159]  (mse: 0.000007)
[-0.018, -0.037, 0.184, -41.101, -8.680, -168.030]   ===>   [0.055, 0.021, -0.167],  actual: [0.056, 0.021, -0.167]  (mse: 0.000001)
[-0.012, -0.032, 0.186, -21.049, 12.628, -148.369]   ===>   [0.049, 0.024, -0.167],  actual: [0.049, 0.024, -0.167]  (mse: 0.000000)
[0.014, -0.042, 0.195, -47.408, 7.840, -160.074]   ===>   [0.023, 0.015, -0.163],  actual: [0.023, 0.014, -0.162]  (mse: 0.000002)
[-0.017, -0.035, 0.181, -11.461, -2.053, -159.213]   ===>   [0.054, 0.021, -0.168],  actual: [0.054, 0.022, -0.166]  (mse: 0.000003)
[-0.000, -0.041, 0.195, -26.327, 8.961, -159.449]   ===>   [0.038, 0.016, -0.166],  actual: [0.037, 0.017, -0.167]  (mse: 0.000001)
[0.019, -0.036, 0.189, 56.634, 8.581, -164.519]   ===>   [0.018, 0.016, -0.162],  actual: [0.018, 0.016, -0.162]  (mse: 0.000000)
[0.013, -0.029, 0.186, 82.465, 17.996, -174.303]   ===>   [0.023, 0.026, -0.164],  actual: [0.022, 0.025, -0.163]  (mse: 0.000001)
[0.022, -0.029, 0.192, 51.424, -4.256, -171.059]   ===>   [0.014, 0.024, -0.163],  actual: [0.014, 0.024, -0.163]  (mse: 0.000000)
[0.001, -0.018, 0.181, 24.164, -7.158, 179.938]   ===>   [0.032, 0.036, -0.166],  actual: [0.033, 0.038, -0.166]  (mse: 0.000006)
[0.007, -0.025, 0.186, 53.686, -6.025, -179.610]   ===>   [0.026, 0.030, -0.165],  actual: [0.027, 0.030, -0.165]  (mse: 0.000002)
[-0.001, -0.026, 0.187, -60.097, -6.577, -162.734]   ===>   [0.035, 0.032, -0.166],  actual: [0.036, 0.031, -0.166]  (mse: 0.000002)
[-0.029, -0.035, 0.189, 69.620, -3.389, -161.694]   ===>   [0.068, 0.023, -0.169],  actual: [0.069, 0.023, -0.167]  (mse: 0.000004)
[0.014, 0.011, 0.167, -83.229, 2.975, -158.913]   ===>   [0.013, 0.069, -0.160],  actual: [0.014, 0.070, -0.160]  (mse: 0.000002)
[-0.006, -0.041, 0.189, -31.848, -2.838, -164.423]   ===>   [0.042, 0.017, -0.168],  actual: [0.043, 0.016, -0.166]  (mse: 0.000003)
[-0.015, -0.016, 0.181, -8.553, 6.988, -158.376]   ===>   [0.051, 0.040, -0.168],  actual: [0.051, 0.041, -0.167]  (mse: 0.000001)
[-0.038, 0.003, 0.189, -84.628, 26.302, -155.233]   ===>   [0.070, 0.063, -0.169],  actual: [0.069, 0.063, -0.170]  (mse: 0.000001)
[-0.013, -0.033, 0.181, -67.572, 7.491, -164.478]   ===>   [0.051, 0.023, -0.167],  actual: [0.051, 0.024, -0.167]  (mse: 0.000000)
[-0.011, 0.003, 0.177, 28.434, -9.765, -160.785]   ===>   [0.042, 0.060, -0.166],  actual: [0.042, 0.060, -0.166]  (mse: 0.000000)
[0.001, -0.026, 0.186, -8.705, 7.996, -158.250]   ===>   [0.035, 0.029, -0.166],  actual: [0.034, 0.029, -0.165]  (mse: 0.000001)
[0.005, -0.006, 0.181, 1.547, -12.969, -159.926]   ===>   [0.026, 0.049, -0.163],  actual: [0.028, 0.049, -0.164]  (mse: 0.000002)
[-0.006, -0.008, 0.192, -59.691, 17.256, -168.204]   ===>   [0.041, 0.049, -0.166],  actual: [0.041, 0.049, -0.166]  (mse: 0.000001)
[-0.020, -0.031, 0.177, 1.493, 16.711, -154.116]   ===>   [0.060, 0.026, -0.169],  actual: [0.060, 0.026, -0.167]  (mse: 0.000006)
[0.020, -0.033, 0.192, 51.330, -9.658, -167.236]   ===>   [0.017, 0.020, -0.163],  actual: [0.016, 0.019, -0.164]  (mse: 0.000003)
[0.017, -0.024, 0.186, -3.397, -4.867, -171.648]   ===>   [0.017, 0.029, -0.164],  actual: [0.017, 0.030, -0.162]  (mse: 0.000002)
[0.018, -0.024, 0.192, -85.246, -6.184, -165.915]   ===>   [0.016, 0.032, -0.163],  actual: [0.016, 0.032, -0.164]  (mse: 0.000000)
[-0.007, -0.008, 0.172, -44.454, 16.248, -153.707]   ===>   [0.041, 0.048, -0.166],  actual: [0.042, 0.048, -0.165]  (mse: 0.000001)
[0.022, -0.034, 0.192, -50.333, 8.542, -157.759]   ===>   [0.014, 0.021, -0.163],  actual: [0.014, 0.020, -0.162]  (mse: 0.000005)
[0.007, -0.001, 0.181, 15.531, -16.092, -165.836]   ===>   [0.023, 0.054, -0.163],  actual: [0.023, 0.054, -0.162]  (mse: 0.000000)
[-0.021, -0.042, 0.189, 38.647, -8.375, -162.108]   ===>   [0.059, 0.016, -0.168],  actual: [0.059, 0.015, -0.167]  (mse: 0.000001)
[0.004, -0.008, 0.174, -0.487, 19.551, -151.674]   ===>   [0.031, 0.046, -0.165],  actual: [0.030, 0.046, -0.165]  (mse: 0.000001)
[-0.027, -0.040, 0.184, -0.506, -4.565, -159.098]   ===>   [0.065, 0.018, -0.168],  actual: [0.066, 0.018, -0.168]  (mse: 0.000001)
[0.001, -0.034, 0.189, 33.127, -6.750, -176.206]   ===>   [0.034, 0.023, -0.165],  actual: [0.035, 0.022, -0.165]  (mse: 0.000000)
[-0.021, -0.038, 0.179, 2.867, -3.008, -168.839]   ===>   [0.059, 0.019, -0.168],  actual: [0.061, 0.019, -0.167]  (mse: 0.000004)
[0.024, 0.012, 0.189, -74.543, 26.077, -159.103]   ===>   [0.006, 0.066, -0.160],  actual: [0.006, 0.065, -0.159]  (mse: 0.000001)
[-0.021, -0.038, 0.186, -8.202, 7.509, -148.006]   ===>   [0.058, 0.019, -0.168],  actual: [0.058, 0.019, -0.168]  (mse: 0.000001)
[0.016, -0.009, 0.194, -29.155, 10.179, -163.826]   ===>   [0.018, 0.043, -0.164],  actual: [0.018, 0.044, -0.164]  (mse: 0.000002)
[0.003, -0.002, 0.186, -4.168, -5.524, -163.280]   ===>   [0.028, 0.055, -0.166],  actual: [0.028, 0.055, -0.165]  (mse: 0.000000)
[0.018, -0.031, 0.192, -54.844, -8.310, -166.363]   ===>   [0.017, 0.024, -0.164],  actual: [0.017, 0.025, -0.162]  (mse: 0.000002)
[0.026, -0.018, 0.186, -53.669, 23.296, -170.455]   ===>   [0.010, 0.035, -0.163],  actual: [0.010, 0.035, -0.162]  (mse: 0.000001)
[0.011, -0.003, 0.189, 28.375, -8.607, -158.224]   ===>   [0.021, 0.052, -0.165],  actual: [0.021, 0.051, -0.164]  (mse: 0.000001)
[-0.021, -0.001, 0.186, -85.480, 21.902, -165.982]   ===>   [0.054, 0.056, -0.168],  actual: [0.055, 0.057, -0.168]  (mse: 0.000001)
[-0.006, -0.041, 0.189, -10.558, -3.891, -166.381]   ===>   [0.043, 0.016, -0.167],  actual: [0.043, 0.016, -0.166]  (mse: 0.000002)
[-0.031, -0.031, 0.184, -21.421, -9.889, -153.464]   ===>   [0.067, 0.028, -0.169],  actual: [0.068, 0.029, -0.168]  (mse: 0.000001)
[0.020, -0.045, 0.198, -51.788, 7.210, -173.091]   ===>   [0.019, 0.012, -0.163],  actual: [0.018, 0.012, -0.162]  (mse: 0.000002)
[-0.030, -0.036, 0.176, 19.420, -11.382, -174.427]   ===>   [0.068, 0.022, -0.168],  actual: [0.070, 0.022, -0.168]  (mse: 0.000004)
[0.007, -0.003, 0.186, -4.100, -5.120, -161.753]   ===>   [0.025, 0.053, -0.165],  actual: [0.024, 0.053, -0.165]  (mse: 0.000000)
[0.013, 0.010, 0.179, -4.986, -8.387, 178.693]   ===>   [0.014, 0.062, -0.161],  actual: [0.017, 0.068, -0.161]  (mse: 0.000048)
[-0.027, -0.036, 0.174, -25.191, 11.632, -168.078]   ===>   [0.068, 0.022, -0.170],  actual: [0.070, 0.023, -0.168]  (mse: 0.000010)
[0.015, -0.028, 0.195, -64.813, 4.266, -168.009]   ===>   [0.021, 0.027, -0.164],  actual: [0.020, 0.027, -0.165]  (mse: 0.000002)
[0.021, -0.020, 0.192, 51.693, -2.140, -176.177]   ===>   [0.012, 0.034, -0.164],  actual: [0.012, 0.034, -0.162]  (mse: 0.000002)
[0.014, -0.041, 0.195, 84.503, -3.923, -168.275]   ===>   [0.025, 0.013, -0.164],  actual: [0.026, 0.012, -0.164]  (mse: 0.000000)
[0.021, -0.006, 0.189, -3.794, 2.934, -161.447]   ===>   [0.010, 0.048, -0.162],  actual: [0.011, 0.049, -0.160]  (mse: 0.000003)
[0.005, -0.042, 0.195, 46.015, 1.665, -166.774]   ===>   [0.033, 0.014, -0.166],  actual: [0.032, 0.013, -0.166]  (mse: 0.000001)
[-0.021, -0.038, 0.186, -46.516, 10.861, -162.860]   ===>   [0.059, 0.020, -0.169],  actual: [0.060, 0.020, -0.169]  (mse: 0.000000)
[-0.010, -0.026, 0.181, -11.266, -1.935, -159.846]   ===>   [0.045, 0.030, -0.167],  actual: [0.046, 0.030, -0.168]  (mse: 0.000001)
[-0.011, -0.019, 0.192, -19.528, 8.581, -158.026]   ===>   [0.045, 0.038, -0.167],  actual: [0.045, 0.038, -0.167]  (mse: 0.000000)
[-0.019, -0.034, 0.192, 18.569, 14.285, -162.431]   ===>   [0.057, 0.025, -0.168],  actual: [0.058, 0.025, -0.167]  (mse: 0.000001)
[0.024, -0.033, 0.189, -65.446, 9.743, -178.196]   ===>   [0.013, 0.021, -0.162],  actual: [0.014, 0.020, -0.161]  (mse: 0.000002)
[-0.001, -0.013, 0.184, -85.865, 22.974, -159.015]   ===>   [0.034, 0.042, -0.166],  actual: [0.035, 0.043, -0.165]  (mse: 0.000001)
[0.010, 0.014, 0.179, -23.728, -9.647, -160.762]   ===>   [0.019, 0.071, -0.162],  actual: [0.018, 0.072, -0.162]  (mse: 0.000001)
[0.023, -0.037, 0.189, -15.300, 11.909, -157.140]   ===>   [0.014, 0.016, -0.162],  actual: [0.013, 0.016, -0.161]  (mse: 0.000001)
[-0.001, -0.010, 0.179, 16.503, -13.715, -165.621]   ===>   [0.034, 0.044, -0.165],  actual: [0.033, 0.045, -0.164]  (mse: 0.000002)
[0.019, -0.024, 0.195, -67.623, 17.130, -176.139]   ===>   [0.017, 0.030, -0.163],  actual: [0.018, 0.030, -0.162]  (mse: 0.000002)
[0.022, -0.033, 0.189, -15.400, 5.737, -156.966]   ===>   [0.015, 0.020, -0.162],  actual: [0.015, 0.019, -0.161]  (mse: 0.000001)
[-0.010, 0.003, 0.186, -1.882, -8.171, -161.984]   ===>   [0.040, 0.061, -0.165],  actual: [0.040, 0.061, -0.166]  (mse: 0.000001)
[0.019, -0.033, 0.181, 28.487, 12.021, -156.706]   ===>   [0.018, 0.018, -0.162],  actual: [0.019, 0.018, -0.162]  (mse: 0.000001)
[0.022, -0.028, 0.195, 51.482, -3.003, -171.608]   ===>   [0.014, 0.026, -0.163],  actual: [0.014, 0.026, -0.163]  (mse: 0.000000)
[-0.029, -0.046, 0.195, -19.422, -8.219, -165.838]   ===>   [0.064, 0.016, -0.168],  actual: [0.065, 0.016, -0.168]  (mse: 0.000000)
[0.019, -0.024, 0.189, 69.422, -3.703, -174.802]   ===>   [0.015, 0.029, -0.164],  actual: [0.015, 0.028, -0.163]  (mse: 0.000000)
[0.017, -0.028, 0.195, 76.908, 0.331, -178.035]   ===>   [0.018, 0.025, -0.164],  actual: [0.019, 0.027, -0.163]  (mse: 0.000003)
[0.010, -0.018, 0.186, -10.620, -8.598, -162.033]   ===>   [0.023, 0.036, -0.165],  actual: [0.024, 0.036, -0.166]  (mse: 0.000002)
[0.011, -0.038, 0.195, 48.172, 8.365, -168.683]   ===>   [0.025, 0.018, -0.164],  actual: [0.025, 0.018, -0.163]  (mse: 0.000001)
[0.010, -0.021, 0.192, -57.055, 9.695, -152.113]   ===>   [0.024, 0.034, -0.165],  actual: [0.023, 0.035, -0.164]  (mse: 0.000002)
[0.012, -0.019, 0.187, 80.107, -1.196, -170.578]   ===>   [0.022, 0.034, -0.165],  actual: [0.023, 0.034, -0.164]  (mse: 0.000001)
[0.026, -0.035, 0.189, 5.968, 12.006, -163.635]   ===>   [0.012, 0.017, -0.161],  actual: [0.011, 0.017, -0.161]  (mse: 0.000000)
[-0.006, -0.020, 0.189, -6.911, 14.031, -150.691]   ===>   [0.041, 0.035, -0.167],  actual: [0.042, 0.036, -0.166]  (mse: 0.000000)
[0.022, -0.033, 0.192, 13.832, -2.771, -156.338]   ===>   [0.014, 0.020, -0.163],  actual: [0.014, 0.020, -0.162]  (mse: 0.000002)
[0.013, -0.027, 0.189, -45.464, 13.771, -169.204]   ===>   [0.024, 0.027, -0.164],  actual: [0.024, 0.027, -0.163]  (mse: 0.000001)
[-0.024, -0.038, 0.184, -15.631, -4.332, -157.500]   ===>   [0.062, 0.020, -0.170],  actual: [0.062, 0.020, -0.167]  (mse: 0.000006)
[0.012, -0.010, 0.186, 75.622, -3.506, -175.144]   ===>   [0.020, 0.043, -0.164],  actual: [0.020, 0.043, -0.164]  (mse: 0.000000)
[-0.029, -0.042, 0.184, 85.141, 0.546, 179.723]   ===>   [0.066, 0.016, -0.167],  actual: [0.068, 0.016, -0.168]  (mse: 0.000004)
[-0.028, -0.039, 0.170, 34.553, -9.161, -178.800]   ===>   [0.067, 0.017, -0.168],  actual: [0.069, 0.017, -0.168]  (mse: 0.000005)
[0.020, -0.039, 0.192, -44.440, -2.404, -158.797]   ===>   [0.016, 0.017, -0.163],  actual: [0.016, 0.016, -0.161]  (mse: 0.000002)
[0.008, -0.018, 0.197, 34.747, 3.652, -158.172]   ===>   [0.027, 0.036, -0.165],  actual: [0.026, 0.037, -0.165]  (mse: 0.000000)
[0.011, -0.010, 0.189, 39.425, -5.563, -161.510]   ===>   [0.023, 0.044, -0.165],  actual: [0.021, 0.044, -0.164]  (mse: 0.000002)
[0.024, -0.019, 0.195, 28.618, 0.970, -156.353]   ===>   [0.011, 0.034, -0.164],  actual: [0.011, 0.033, -0.162]  (mse: 0.000001)
[0.018, -0.033, 0.195, -76.169, -5.198, -175.461]   ===>   [0.018, 0.024, -0.163],  actual: [0.018, 0.023, -0.165]  (mse: 0.000002)
[0.014, -0.026, 0.186, -42.094, -9.596, -174.007]   ===>   [0.020, 0.030, -0.164],  actual: [0.020, 0.029, -0.163]  (mse: 0.000001)
[0.026, -0.035, 0.189, 53.355, -6.732, -168.252]   ===>   [0.011, 0.017, -0.162],  actual: [0.011, 0.016, -0.161]  (mse: 0.000001)
[0.005, -0.041, 0.195, -10.373, -9.909, -157.043]   ===>   [0.032, 0.016, -0.166],  actual: [0.031, 0.015, -0.165]  (mse: 0.000002)
[0.020, -0.038, 0.195, 51.341, -8.338, -172.156]   ===>   [0.018, 0.016, -0.164],  actual: [0.016, 0.015, -0.164]  (mse: 0.000005)
[-0.013, -0.040, 0.195, 52.096, -3.072, -169.359]   ===>   [0.049, 0.018, -0.168],  actual: [0.051, 0.018, -0.168]  (mse: 0.000002)
[0.022, -0.038, 0.195, -58.531, 11.981, -164.277]   ===>   [0.016, 0.017, -0.162],  actual: [0.016, 0.017, -0.161]  (mse: 0.000002)
[0.011, -0.042, 0.192, 66.169, 0.321, 178.395]   ===>   [0.024, 0.013, -0.163],  actual: [0.026, 0.013, -0.164]  (mse: 0.000005)
[0.002, -0.023, 0.181, -30.674, -3.762, -167.009]   ===>   [0.033, 0.032, -0.166],  actual: [0.033, 0.032, -0.166]  (mse: 0.000000)
[-0.009, -0.022, 0.170, -49.162, -3.851, -160.463]   ===>   [0.043, 0.033, -0.167],  actual: [0.045, 0.034, -0.166]  (mse: 0.000004)
[0.023, -0.025, 0.189, -74.610, -8.451, -156.863]   ===>   [0.011, 0.031, -0.162],  actual: [0.010, 0.031, -0.162]  (mse: 0.000000)
[0.005, -0.017, 0.189, -26.202, 13.139, -157.099]   ===>   [0.030, 0.037, -0.166],  actual: [0.030, 0.038, -0.165]  (mse: 0.000001)
[0.023, -0.016, 0.187, -8.861, -4.229, -170.427]   ===>   [0.010, 0.039, -0.164],  actual: [0.010, 0.038, -0.163]  (mse: 0.000001)
[0.005, -0.014, 0.172, 83.646, 1.432, -174.196]   ===>   [0.029, 0.039, -0.165],  actual: [0.029, 0.038, -0.165]  (mse: 0.000000)
[-0.016, -0.021, 0.184, -45.840, 12.894, -152.025]   ===>   [0.051, 0.036, -0.167],  actual: [0.051, 0.037, -0.166]  (mse: 0.000002)
[0.021, -0.038, 0.192, 56.047, -0.334, -172.265]   ===>   [0.016, 0.016, -0.162],  actual: [0.017, 0.016, -0.162]  (mse: 0.000000)
[-0.030, -0.042, 0.184, -36.757, -5.591, -168.722]   ===>   [0.068, 0.018, -0.168],  actual: [0.069, 0.018, -0.167]  (mse: 0.000003)
[-0.021, -0.034, 0.181, 61.925, -9.072, -177.222]   ===>   [0.058, 0.023, -0.169],  actual: [0.058, 0.023, -0.167]  (mse: 0.000003)
[-0.030, -0.042, 0.184, 2.674, 0.907, -165.836]   ===>   [0.069, 0.017, -0.168],  actual: [0.069, 0.018, -0.167]  (mse: 0.000002)
[-0.005, 0.003, 0.179, -60.095, 23.642, -165.358]   ===>   [0.039, 0.058, -0.166],  actual: [0.039, 0.058, -0.165]  (mse: 0.000000)
[0.013, -0.028, 0.192, 26.596, 0.578, -166.036]   ===>   [0.023, 0.026, -0.164],  actual: [0.021, 0.027, -0.165]  (mse: 0.000003)
[-0.027, -0.041, 0.184, 0.117, -11.066, -159.490]   ===>   [0.065, 0.017, -0.168],  actual: [0.065, 0.017, -0.167]  (mse: 0.000001)
[-0.023, -0.036, 0.184, -32.178, 17.157, -148.127]   ===>   [0.061, 0.022, -0.167],  actual: [0.061, 0.022, -0.167]  (mse: 0.000000)
[0.005, -0.028, 0.197, 64.203, 0.473, -165.255]   ===>   [0.032, 0.027, -0.165],  actual: [0.032, 0.028, -0.165]  (mse: 0.000001)
[-0.025, 0.012, 0.189, -70.576, 26.633, -174.325]   ===>   [0.059, 0.070, -0.167],  actual: [0.059, 0.071, -0.166]  (mse: 0.000001)
[-0.024, -0.039, 0.179, 40.324, -7.336, 179.215]   ===>   [0.060, 0.021, -0.168],  actual: [0.063, 0.019, -0.167]  (mse: 0.000009)
[0.005, 0.012, 0.172, 26.634, -9.763, -157.115]   ===>   [0.024, 0.068, -0.163],  actual: [0.023, 0.068, -0.164]  (mse: 0.000002)
[-0.004, -0.023, 0.179, -55.215, 17.069, -168.343]   ===>   [0.043, 0.032, -0.167],  actual: [0.041, 0.033, -0.167]  (mse: 0.000002)
[-0.013, -0.026, 0.184, -43.069, -4.143, -159.106]   ===>   [0.047, 0.031, -0.167],  actual: [0.048, 0.031, -0.167]  (mse: 0.000002)
[0.024, -0.032, 0.181, 27.621, 12.342, -156.370]   ===>   [0.013, 0.018, -0.161],  actual: [0.013, 0.018, -0.161]  (mse: 0.000000)
[-0.024, -0.040, 0.184, -16.155, -0.904, -158.268]   ===>   [0.062, 0.018, -0.169],  actual: [0.063, 0.018, -0.167]  (mse: 0.000003)
[0.008, -0.023, 0.189, -32.448, -5.657, -164.799]   ===>   [0.026, 0.033, -0.165],  actual: [0.026, 0.033, -0.165]  (mse: 0.000000)
[-0.019, 0.008, 0.188, 72.483, 25.034, -167.705]   ===>   [0.053, 0.071, -0.167],  actual: [0.052, 0.071, -0.166]  (mse: 0.000001)
[-0.010, -0.043, 0.186, -41.534, 8.001, -167.569]   ===>   [0.049, 0.014, -0.168],  actual: [0.050, 0.014, -0.167]  (mse: 0.000001)
[-0.003, -0.042, 0.189, -32.068, -8.192, -169.638]   ===>   [0.039, 0.015, -0.167],  actual: [0.040, 0.014, -0.167]  (mse: 0.000002)
[-0.026, -0.019, 0.189, -68.492, 12.338, -161.556]   ===>   [0.061, 0.040, -0.169],  actual: [0.061, 0.040, -0.169]  (mse: 0.000001)
[-0.005, -0.014, 0.181, -9.069, -11.633, -170.902]   ===>   [0.038, 0.043, -0.166],  actual: [0.038, 0.044, -0.165]  (mse: 0.000002)
[-0.031, -0.008, 0.176, -8.242, 6.720, -148.554]   ===>   [0.068, 0.051, -0.170],  actual: [0.067, 0.052, -0.169]  (mse: 0.000002)
[0.003, -0.042, 0.195, -36.655, -0.683, -165.765]   ===>   [0.034, 0.016, -0.167],  actual: [0.034, 0.015, -0.165]  (mse: 0.000006)
[0.008, 0.011, 0.169, -54.044, -1.134, -155.623]   ===>   [0.021, 0.069, -0.162],  actual: [0.020, 0.069, -0.162]  (mse: 0.000001)
[0.023, -0.020, 0.177, -23.902, 17.577, -170.257]   ===>   [0.011, 0.032, -0.163],  actual: [0.011, 0.032, -0.162]  (mse: 0.000001)
[0.024, -0.023, 0.184, 5.596, 12.542, -163.556]   ===>   [0.011, 0.029, -0.163],  actual: [0.011, 0.029, -0.163]  (mse: 0.000000)
[0.018, -0.028, 0.192, 0.514, -10.055, -168.309]   ===>   [0.018, 0.026, -0.163],  actual: [0.018, 0.026, -0.163]  (mse: 0.000001)
[0.010, -0.041, 0.195, 4.011, -5.462, -169.433]   ===>   [0.027, 0.016, -0.164],  actual: [0.028, 0.014, -0.165]  (mse: 0.000003)
[0.009, -0.030, 0.189, 46.986, 4.883, -173.741]   ===>   [0.026, 0.025, -0.164],  actual: [0.026, 0.025, -0.164]  (mse: 0.000000)
[0.006, -0.002, 0.197, -32.043, 6.990, -154.361]   ===>   [0.026, 0.052, -0.164],  actual: [0.026, 0.052, -0.162]  (mse: 0.000004)
[-0.027, -0.040, 0.184, -18.440, 16.434, -157.213]   ===>   [0.066, 0.019, -0.169],  actual: [0.067, 0.019, -0.170]  (mse: 0.000001)
[-0.029, -0.036, 0.176, 9.026, 3.693, -159.581]   ===>   [0.068, 0.021, -0.170],  actual: [0.069, 0.021, -0.167]  (mse: 0.000013)
[0.018, -0.042, 0.195, 8.705, 6.871, -159.740]   ===>   [0.020, 0.013, -0.163],  actual: [0.020, 0.012, -0.162]  (mse: 0.000001)
[-0.008, -0.017, 0.184, -6.385, 9.587, -153.197]   ===>   [0.043, 0.038, -0.167],  actual: [0.044, 0.038, -0.167]  (mse: 0.000001)
[-0.023, 0.009, 0.189, -87.063, 25.639, -174.481]   ===>   [0.056, 0.067, -0.167],  actual: [0.056, 0.067, -0.166]  (mse: 0.000000)
[-0.009, -0.027, 0.184, -11.232, -1.558, -160.419]   ===>   [0.044, 0.028, -0.167],  actual: [0.045, 0.028, -0.168]  (mse: 0.000001)
[-0.022, -0.042, 0.184, -6.646, 1.645, -164.830]   ===>   [0.061, 0.017, -0.168],  actual: [0.061, 0.017, -0.168]  (mse: 0.000000)
[0.009, -0.003, 0.172, -38.872, -6.264, -165.599]   ===>   [0.022, 0.053, -0.163],  actual: [0.022, 0.054, -0.162]  (mse: 0.000002)
[0.001, -0.011, 0.184, -52.581, 24.223, -153.878]   ===>   [0.034, 0.044, -0.166],  actual: [0.033, 0.044, -0.165]  (mse: 0.000001)
[0.017, -0.024, 0.186, -67.318, -2.269, -167.921]   ===>   [0.017, 0.031, -0.163],  actual: [0.018, 0.031, -0.162]  (mse: 0.000001)
[0.019, -0.032, 0.198, 36.050, 7.438, -165.078]   ===>   [0.017, 0.023, -0.163],  actual: [0.017, 0.023, -0.162]  (mse: 0.000003)
[0.024, -0.025, 0.184, 5.560, 11.898, -163.393]   ===>   [0.011, 0.027, -0.163],  actual: [0.011, 0.027, -0.162]  (mse: 0.000000)
[-0.001, -0.041, 0.192, -71.420, 13.155, -169.704]   ===>   [0.039, 0.016, -0.166],  actual: [0.039, 0.016, -0.167]  (mse: 0.000001)
[0.007, -0.044, 0.198, -25.713, 0.351, -166.842]   ===>   [0.031, 0.014, -0.166],  actual: [0.031, 0.012, -0.166]  (mse: 0.000002)
[0.021, -0.036, 0.195, -76.970, 15.849, -165.706]   ===>   [0.016, 0.019, -0.162],  actual: [0.016, 0.019, -0.164]  (mse: 0.000003)
[-0.003, -0.002, 0.184, -11.910, -10.210, -166.432]   ===>   [0.034, 0.056, -0.165],  actual: [0.034, 0.056, -0.165]  (mse: 0.000001)
[0.011, 0.004, 0.184, 15.503, -15.620, -164.155]   ===>   [0.018, 0.058, -0.162],  actual: [0.019, 0.058, -0.161]  (mse: 0.000001)
[0.024, -0.037, 0.184, 48.835, -7.914, -170.566]   ===>   [0.012, 0.014, -0.161],  actual: [0.012, 0.014, -0.161]  (mse: 0.000001)
[0.021, -0.010, 0.172, -3.906, 16.341, -159.854]   ===>   [0.010, 0.042, -0.163],  actual: [0.011, 0.042, -0.162]  (mse: 0.000001)
[-0.018, -0.002, 0.179, -53.324, 26.334, -160.656]   ===>   [0.054, 0.055, -0.168],  actual: [0.054, 0.055, -0.167]  (mse: 0.000001)
[-0.029, -0.036, 0.170, -71.438, -1.116, -165.095]   ===>   [0.068, 0.021, -0.168],  actual: [0.070, 0.022, -0.168]  (mse: 0.000002)
[0.011, 0.007, 0.179, 41.938, -10.383, -174.229]   ===>   [0.018, 0.062, -0.162],  actual: [0.018, 0.062, -0.161]  (mse: 0.000001)
[-0.002, 0.004, 0.172, -60.223, 23.374, -164.720]   ===>   [0.036, 0.060, -0.165],  actual: [0.036, 0.059, -0.165]  (mse: 0.000000)
[0.003, -0.029, 0.198, 15.011, -2.814, -165.388]   ===>   [0.032, 0.028, -0.165],  actual: [0.032, 0.028, -0.165]  (mse: 0.000000)
[0.007, -0.018, 0.181, 62.708, 3.670, -167.625]   ===>   [0.027, 0.035, -0.165],  actual: [0.026, 0.034, -0.165]  (mse: 0.000000)
