[-0.013, -0.040, 0.189, -48.392, 5.023, -159.020]   ===>   [0.051, 0.018, -0.168],  actual: [0.050, 0.017, -0.167]  (mse: 0.000000)
[-0.009, 0.013, 0.189, -84.934, 25.791, -164.365]   ===>   [0.041, 0.069, -0.166],  actual: [0.040, 0.070, -0.166]  (mse: 0.000002)
[0.007, -0.001, 0.191, -34.343, 5.859, -157.915]   ===>   [0.026, 0.053, -0.164],  actual: [0.025, 0.053, -0.162]  (mse: 0.000005)
[0.020, -0.039, 0.192, -23.602, 12.210, -160.610]   ===>   [0.018, 0.015, -0.162],  actual: [0.017, 0.016, -0.162]  (mse: 0.000002)
[0.023, 0.013, 0.181, 17.365, -9.983, -169.136]   ===>   [0.007, 0.068, -0.160],  actual: [0.006, 0.068, -0.158]  (mse: 0.000003)
[0.015, 0.003, 0.186, -48.881, 21.358, -155.155]   ===>   [0.018, 0.057, -0.163],  actual: [0.017, 0.056, -0.162]  (mse: 0.000001)
[0.021, -0.036, 0.198, -74.601, -7.279, -166.315]   ===>   [0.015, 0.021, -0.163],  actual: [0.014, 0.021, -0.164]  (mse: 0.000001)
[0.024, -0.039, 0.186, 25.635, 7.153, -171.354]   ===>   [0.014, 0.012, -0.161],  actual: [0.013, 0.013, -0.161]  (mse: 0.000001)
[0.009, -0.042, 0.198, 52.499, -2.388, -168.488]   ===>   [0.029, 0.013, -0.165],  actual: [0.030, 0.014, -0.164]  (mse: 0.000002)
[0.021, -0.006, 0.189, -3.794, 2.934, -161.447]   ===>   [0.011, 0.047, -0.162],  actual: [0.011, 0.049, -0.160]  (mse: 0.000004)
[0.024, -0.010, 0.192, -26.558, 13.791, -167.322]   ===>   [0.010, 0.042, -0.162],  actual: [0.010, 0.042, -0.162]  (mse: 0.000000)
[0.023, -0.038, 0.179, -23.127, 16.393, -158.982]   ===>   [0.013, 0.012, -0.161],  actual: [0.013, 0.012, -0.161]  (mse: 0.000000)
[0.009, 0.010, 0.184, -29.789, -9.817, -174.069]   ===>   [0.021, 0.069, -0.163],  actual: [0.021, 0.069, -0.162]  (mse: 0.000002)
[-0.022, -0.045, 0.189, -50.284, 7.974, -167.296]   ===>   [0.062, 0.015, -0.168],  actual: [0.062, 0.014, -0.167]  (mse: 0.000000)
[-0.004, -0.019, 0.181, -5.388, 14.280, -149.723]   ===>   [0.040, 0.035, -0.167],  actual: [0.040, 0.035, -0.167]  (mse: 0.000000)
[-0.006, -0.019, 0.170, -51.937, 12.615, -164.969]   ===>   [0.044, 0.036, -0.167],  actual: [0.042, 0.036, -0.167]  (mse: 0.000002)
[0.008, 0.010, 0.176, -88.149, -4.801, -161.107]   ===>   [0.021, 0.070, -0.163],  actual: [0.021, 0.069, -0.162]  (mse: 0.000002)
[-0.012, -0.032, 0.187, -66.578, 10.715, -152.761]   ===>   [0.049, 0.026, -0.167],  actual: [0.048, 0.025, -0.167]  (mse: 0.000000)
[-0.016, -0.025, 0.179, 82.951, 5.627, 174.919]   ===>   [0.054, 0.031, -0.169],  actual: [0.052, 0.030, -0.168]  (mse: 0.000007)
[0.022, 0.013, 0.184, 38.229, -14.738, -172.763]   ===>   [0.008, 0.067, -0.160],  actual: [0.007, 0.067, -0.159]  (mse: 0.000002)
[0.009, -0.022, 0.192, -74.224, 13.919, -156.394]   ===>   [0.026, 0.034, -0.165],  actual: [0.026, 0.034, -0.165]  (mse: 0.000000)
[0.008, -0.034, 0.186, -10.343, 12.143, -165.386]   ===>   [0.031, 0.020, -0.164],  actual: [0.030, 0.020, -0.164]  (mse: 0.000000)
[0.013, -0.022, 0.192, 85.796, -1.084, -179.975]   ===>   [0.022, 0.032, -0.163],  actual: [0.022, 0.031, -0.164]  (mse: 0.000002)
[0.019, -0.028, 0.189, 77.410, -6.760, -173.740]   ===>   [0.018, 0.025, -0.163],  actual: [0.017, 0.024, -0.162]  (mse: 0.000001)
[0.012, -0.044, 0.198, -35.377, -7.392, -164.730]   ===>   [0.025, 0.012, -0.164],  actual: [0.025, 0.012, -0.165]  (mse: 0.000000)
[-0.011, -0.023, 0.181, -34.974, 9.630, -158.240]   ===>   [0.048, 0.033, -0.167],  actual: [0.047, 0.033, -0.167]  (mse: 0.000001)
[-0.016, -0.013, 0.186, -4.502, 18.895, -154.274]   ===>   [0.053, 0.044, -0.168],  actual: [0.052, 0.044, -0.168]  (mse: 0.000001)
[0.022, -0.029, 0.192, 51.424, -4.256, -171.059]   ===>   [0.015, 0.024, -0.163],  actual: [0.014, 0.024, -0.163]  (mse: 0.000002)
[0.006, -0.019, 0.179, 2.919, 5.067, -156.802]   ===>   [0.029, 0.034, -0.166],  actual: [0.028, 0.034, -0.165]  (mse: 0.000003)
[-0.002, -0.024, 0.186, 74.502, 7.280, 174.599]   ===>   [0.038, 0.032, -0.166],  actual: [0.036, 0.033, -0.165]  (mse: 0.000008)
[0.023, -0.039, 0.192, 23.730, 11.054, -157.058]   ===>   [0.015, 0.013, -0.161],  actual: [0.015, 0.014, -0.161]  (mse: 0.000000)
[-0.016, -0.021, 0.184, -45.840, 12.894, -152.025]   ===>   [0.052, 0.036, -0.167],  actual: [0.051, 0.037, -0.166]  (mse: 0.000001)
[0.024, -0.029, 0.184, 5.720, 11.905, -163.617]   ===>   [0.012, 0.022, -0.162],  actual: [0.011, 0.023, -0.162]  (mse: 0.000001)
[0.009, 0.012, 0.181, 38.173, -13.982, -170.634]   ===>   [0.021, 0.067, -0.163],  actual: [0.020, 0.067, -0.161]  (mse: 0.000008)
[-0.031, -0.029, 0.186, -63.915, 20.517, -162.810]   ===>   [0.069, 0.032, -0.169],  actual: [0.069, 0.031, -0.168]  (mse: 0.000001)
[0.006, -0.040, 0.189, 15.937, 5.436, -163.859]   ===>   [0.032, 0.014, -0.165],  actual: [0.032, 0.015, -0.164]  (mse: 0.000001)
[-0.005, -0.018, 0.184, 17.651, -7.150, -169.916]   ===>   [0.040, 0.038, -0.167],  actual: [0.039, 0.038, -0.166]  (mse: 0.000002)
[-0.010, 0.003, 0.186, -1.882, -8.171, -161.984]   ===>   [0.041, 0.061, -0.166],  actual: [0.040, 0.061, -0.166]  (mse: 0.000001)
[-0.014, -0.043, 0.192, -87.351, 6.325, -154.463]   ===>   [0.051, 0.017, -0.167],  actual: [0.050, 0.017, -0.167]  (mse: 0.000000)
[0.012, -0.044, 0.198, 47.962, 10.442, -165.209]   ===>   [0.026, 0.012, -0.164],  actual: [0.026, 0.012, -0.165]  (mse: 0.000000)
[-0.007, -0.017, 0.186, -14.969, 18.823, -148.495]   ===>   [0.043, 0.038, -0.166],  actual: [0.042, 0.039, -0.165]  (mse: 0.000001)
[-0.031, -0.032, 0.179, -64.264, 5.011, -156.831]   ===>   [0.069, 0.027, -0.169],  actual: [0.069, 0.027, -0.168]  (mse: 0.000002)
[-0.003, -0.022, 0.189, 56.334, -6.169, -171.555]   ===>   [0.038, 0.032, -0.166],  actual: [0.037, 0.032, -0.166]  (mse: 0.000001)
[-0.014, -0.025, 0.165, -35.132, 5.044, -164.759]   ===>   [0.054, 0.029, -0.168],  actual: [0.053, 0.030, -0.168]  (mse: 0.000002)
[-0.009, -0.012, 0.170, -44.567, 15.971, -154.093]   ===>   [0.046, 0.043, -0.166],  actual: [0.046, 0.043, -0.166]  (mse: 0.000001)
[-0.027, -0.015, 0.189, 15.407, 3.552, -154.898]   ===>   [0.063, 0.043, -0.169],  actual: [0.062, 0.043, -0.169]  (mse: 0.000001)
[0.023, -0.021, 0.189, -77.116, -8.804, -175.782]   ===>   [0.012, 0.033, -0.163],  actual: [0.011, 0.034, -0.164]  (mse: 0.000002)
[-0.011, -0.039, 0.181, 12.695, -2.841, -172.731]   ===>   [0.049, 0.017, -0.167],  actual: [0.048, 0.017, -0.167]  (mse: 0.000001)
[0.004, -0.029, 0.192, -44.306, 16.032, -148.201]   ===>   [0.031, 0.027, -0.165],  actual: [0.031, 0.026, -0.165]  (mse: 0.000000)
[0.011, -0.041, 0.195, 52.798, -5.358, -165.229]   ===>   [0.027, 0.013, -0.164],  actual: [0.028, 0.014, -0.164]  (mse: 0.000001)
[0.026, -0.035, 0.189, 5.968, 12.006, -163.635]   ===>   [0.011, 0.016, -0.161],  actual: [0.011, 0.017, -0.161]  (mse: 0.000001)
[-0.029, -0.042, 0.186, 62.022, -6.900, -178.167]   ===>   [0.068, 0.017, -0.168],  actual: [0.067, 0.017, -0.170]  (mse: 0.000004)
[-0.031, -0.008, 0.189, -55.934, 17.650, -168.302]   ===>   [0.067, 0.052, -0.169],  actual: [0.067, 0.053, -0.169]  (mse: 0.000001)
[0.019, -0.021, 0.187, 21.151, 13.934, -151.975]   ===>   [0.016, 0.030, -0.163],  actual: [0.016, 0.030, -0.163]  (mse: 0.000000)
[0.007, -0.018, 0.174, 0.907, 3.884, -161.648]   ===>   [0.028, 0.035, -0.166],  actual: [0.027, 0.035, -0.165]  (mse: 0.000001)
[0.011, -0.010, 0.189, 39.425, -5.563, -161.510]   ===>   [0.023, 0.043, -0.166],  actual: [0.021, 0.044, -0.164]  (mse: 0.000005)
[0.016, -0.020, 0.189, -30.025, -0.290, -156.024]   ===>   [0.019, 0.033, -0.165],  actual: [0.017, 0.035, -0.164]  (mse: 0.000009)
[0.015, -0.036, 0.192, 55.929, 1.955, -176.470]   ===>   [0.021, 0.019, -0.162],  actual: [0.021, 0.019, -0.163]  (mse: 0.000000)
[-0.008, -0.027, 0.181, 14.987, 18.345, -152.481]   ===>   [0.047, 0.028, -0.166],  actual: [0.047, 0.028, -0.166]  (mse: 0.000000)
[-0.002, -0.032, 0.192, 89.603, 11.423, -175.787]   ===>   [0.038, 0.024, -0.166],  actual: [0.038, 0.024, -0.166]  (mse: 0.000000)
[0.013, -0.037, 0.187, 76.084, 8.954, -170.004]   ===>   [0.024, 0.016, -0.163],  actual: [0.024, 0.017, -0.163]  (mse: 0.000000)
[-0.018, -0.002, 0.179, -53.324, 26.334, -160.656]   ===>   [0.054, 0.055, -0.168],  actual: [0.054, 0.055, -0.167]  (mse: 0.000001)
[-0.034, 0.004, 0.189, -84.427, 20.590, -157.684]   ===>   [0.067, 0.063, -0.170],  actual: [0.066, 0.064, -0.169]  (mse: 0.000005)
[0.017, -0.028, 0.187, -89.185, 3.019, -172.765]   ===>   [0.019, 0.026, -0.163],  actual: [0.019, 0.027, -0.162]  (mse: 0.000002)
[-0.032, -0.021, 0.192, -80.450, 13.004, -174.287]   ===>   [0.069, 0.039, -0.169],  actual: [0.069, 0.039, -0.169]  (mse: 0.000001)
[0.022, -0.042, 0.186, -74.478, 18.363, -164.151]   ===>   [0.016, 0.011, -0.161],  actual: [0.016, 0.011, -0.161]  (mse: 0.000001)
[0.002, -0.024, 0.189, -88.493, 12.772, -170.489]   ===>   [0.034, 0.032, -0.166],  actual: [0.035, 0.033, -0.166]  (mse: 0.000001)
[0.000, -0.041, 0.192, 52.316, -2.401, -170.843]   ===>   [0.037, 0.015, -0.165],  actual: [0.037, 0.015, -0.166]  (mse: 0.000000)
[-0.001, -0.013, 0.179, -16.911, -6.752, -160.921]   ===>   [0.035, 0.043, -0.165],  actual: [0.034, 0.042, -0.166]  (mse: 0.000001)
[-0.007, -0.009, 0.183, 16.668, -5.114, -156.540]   ===>   [0.041, 0.046, -0.167],  actual: [0.039, 0.047, -0.166]  (mse: 0.000009)
[-0.011, -0.009, 0.168, 83.541, -8.327, -177.094]   ===>   [0.047, 0.046, -0.168],  actual: [0.047, 0.046, -0.167]  (mse: 0.000001)
[0.019, -0.029, 0.189, -5.681, 2.998, -170.495]   ===>   [0.017, 0.024, -0.163],  actual: [0.017, 0.024, -0.165]  (mse: 0.000002)
[0.013, -0.041, 0.198, 41.545, 5.537, -153.664]   ===>   [0.025, 0.013, -0.164],  actual: [0.026, 0.013, -0.163]  (mse: 0.000001)
[0.010, -0.035, 0.192, -70.204, 16.824, -173.606]   ===>   [0.028, 0.020, -0.163],  actual: [0.029, 0.020, -0.164]  (mse: 0.000000)
[0.013, -0.042, 0.192, -21.004, 6.908, -170.633]   ===>   [0.025, 0.013, -0.163],  actual: [0.025, 0.013, -0.164]  (mse: 0.000001)
[0.016, -0.014, 0.184, -29.536, -6.169, -169.832]   ===>   [0.017, 0.040, -0.164],  actual: [0.016, 0.040, -0.164]  (mse: 0.000000)
[0.023, -0.031, 0.186, -15.689, 15.369, -166.195]   ===>   [0.014, 0.020, -0.162],  actual: [0.013, 0.021, -0.162]  (mse: 0.000002)
[-0.007, -0.018, 0.184, -6.855, -0.881, -156.513]   ===>   [0.043, 0.036, -0.168],  actual: [0.042, 0.037, -0.167]  (mse: 0.000003)
[-0.015, -0.029, 0.168, -52.171, 4.244, -165.554]   ===>   [0.055, 0.026, -0.168],  actual: [0.055, 0.026, -0.167]  (mse: 0.000001)
[-0.006, -0.042, 0.192, -18.104, -9.354, -170.285]   ===>   [0.042, 0.016, -0.167],  actual: [0.042, 0.017, -0.167]  (mse: 0.000001)
[0.021, 0.008, 0.184, -34.714, -4.142, -173.094]   ===>   [0.010, 0.065, -0.160],  actual: [0.010, 0.064, -0.160]  (mse: 0.000000)
[-0.016, -0.021, 0.168, 80.241, 0.015, -157.018]   ===>   [0.057, 0.030, -0.168],  actual: [0.057, 0.032, -0.169]  (mse: 0.000005)
[-0.003, -0.002, 0.184, -11.910, -10.210, -166.432]   ===>   [0.034, 0.056, -0.166],  actual: [0.034, 0.056, -0.165]  (mse: 0.000000)
[-0.018, -0.031, 0.186, 48.246, 3.632, -157.442]   ===>   [0.056, 0.026, -0.169],  actual: [0.057, 0.026, -0.168]  (mse: 0.000000)
[0.021, -0.036, 0.195, -76.970, 15.849, -165.706]   ===>   [0.016, 0.018, -0.162],  actual: [0.016, 0.019, -0.164]  (mse: 0.000005)
[-0.016, -0.040, 0.192, 42.789, -5.940, -174.038]   ===>   [0.053, 0.018, -0.168],  actual: [0.052, 0.018, -0.168]  (mse: 0.000002)
[0.021, -0.025, 0.192, -82.329, 2.359, -163.598]   ===>   [0.014, 0.029, -0.163],  actual: [0.014, 0.030, -0.163]  (mse: 0.000000)
[-0.003, -0.013, 0.172, 52.685, -3.373, -176.698]   ===>   [0.037, 0.042, -0.166],  actual: [0.036, 0.041, -0.165]  (mse: 0.000002)
[-0.020, -0.045, 0.189, -15.492, -10.878, -171.990]   ===>   [0.057, 0.014, -0.167],  actual: [0.058, 0.014, -0.167]  (mse: 0.000001)
[-0.026, -0.036, 0.184, -45.755, 13.090, -149.456]   ===>   [0.065, 0.022, -0.167],  actual: [0.064, 0.022, -0.167]  (mse: 0.000000)
[0.011, -0.016, 0.184, -64.267, -6.169, -164.665]   ===>   [0.022, 0.039, -0.165],  actual: [0.022, 0.040, -0.163]  (mse: 0.000004)
[0.008, -0.020, 0.186, 39.153, -4.844, -169.354]   ===>   [0.027, 0.035, -0.165],  actual: [0.026, 0.034, -0.166]  (mse: 0.000001)
[0.022, 0.002, 0.184, 37.979, -14.963, -172.811]   ===>   [0.009, 0.055, -0.161],  actual: [0.008, 0.055, -0.160]  (mse: 0.000001)
[-0.024, -0.044, 0.189, 21.164, 12.003, -162.892]   ===>   [0.064, 0.015, -0.168],  actual: [0.064, 0.016, -0.167]  (mse: 0.000001)
[0.019, -0.036, 0.189, 56.634, 8.581, -164.519]   ===>   [0.018, 0.016, -0.162],  actual: [0.018, 0.016, -0.162]  (mse: 0.000001)
[0.023, -0.031, 0.184, 27.579, 12.340, -156.438]   ===>   [0.014, 0.019, -0.161],  actual: [0.014, 0.020, -0.161]  (mse: 0.000000)
[0.027, -0.046, 0.198, -55.987, 6.323, -160.258]   ===>   [0.013, 0.011, -0.162],  actual: [0.011, 0.011, -0.160]  (mse: 0.000004)
[-0.013, -0.022, 0.187, -11.055, -1.762, -160.142]   ===>   [0.049, 0.034, -0.169],  actual: [0.048, 0.035, -0.167]  (mse: 0.000003)
[-0.016, -0.034, 0.181, 0.464, -8.014, -162.774]   ===>   [0.055, 0.023, -0.167],  actual: [0.054, 0.022, -0.167]  (mse: 0.000000)
[0.021, -0.020, 0.192, 51.693, -2.140, -176.177]   ===>   [0.013, 0.033, -0.163],  actual: [0.012, 0.034, -0.162]  (mse: 0.000001)
[0.015, -0.028, 0.195, -64.813, 4.266, -168.009]   ===>   [0.021, 0.027, -0.164],  actual: [0.020, 0.027, -0.165]  (mse: 0.000001)
[0.027, -0.043, 0.203, 32.540, 10.378, -164.483]   ===>   [0.013, 0.012, -0.161],  actual: [0.012, 0.012, -0.160]  (mse: 0.000001)
[-0.010, -0.043, 0.186, -41.534, 8.001, -167.569]   ===>   [0.050, 0.015, -0.167],  actual: [0.050, 0.014, -0.167]  (mse: 0.000000)
[-0.015, -0.016, 0.181, -8.553, 6.988, -158.376]   ===>   [0.052, 0.040, -0.169],  actual: [0.051, 0.041, -0.167]  (mse: 0.000005)
[-0.014, -0.042, 0.192, 79.717, 10.391, 175.562]   ===>   [0.052, 0.016, -0.167],  actual: [0.050, 0.016, -0.167]  (mse: 0.000004)
[0.013, -0.041, 0.192, 52.824, -5.083, -170.588]   ===>   [0.025, 0.013, -0.163],  actual: [0.024, 0.013, -0.163]  (mse: 0.000001)
[0.011, -0.042, 0.192, 77.509, 0.392, -178.922]   ===>   [0.027, 0.013, -0.163],  actual: [0.026, 0.013, -0.164]  (mse: 0.000002)
[0.024, -0.036, 0.192, -60.933, -9.997, -173.562]   ===>   [0.012, 0.018, -0.162],  actual: [0.012, 0.019, -0.162]  (mse: 0.000001)
[0.011, -0.026, 0.186, -46.532, -2.019, -171.935]   ===>   [0.025, 0.029, -0.165],  actual: [0.024, 0.029, -0.165]  (mse: 0.000000)
[0.021, 0.015, 0.179, 41.666, -11.665, -170.863]   ===>   [0.008, 0.069, -0.160],  actual: [0.007, 0.069, -0.158]  (mse: 0.000003)
[0.022, -0.039, 0.184, -56.770, -4.615, -171.750]   ===>   [0.014, 0.013, -0.161],  actual: [0.014, 0.014, -0.161]  (mse: 0.000001)
[0.006, -0.019, 0.170, -46.098, 11.757, -168.091]   ===>   [0.031, 0.035, -0.166],  actual: [0.030, 0.034, -0.165]  (mse: 0.000001)
[0.015, -0.033, 0.192, -31.552, 17.778, -156.069]   ===>   [0.023, 0.021, -0.163],  actual: [0.022, 0.021, -0.163]  (mse: 0.000001)
[-0.005, 0.003, 0.179, -60.095, 23.642, -165.358]   ===>   [0.040, 0.058, -0.166],  actual: [0.039, 0.058, -0.165]  (mse: 0.000001)
[-0.029, -0.039, 0.174, -78.410, -1.241, -162.253]   ===>   [0.069, 0.020, -0.168],  actual: [0.069, 0.020, -0.167]  (mse: 0.000000)
[-0.013, -0.044, 0.192, -25.704, -12.568, -168.181]   ===>   [0.049, 0.016, -0.167],  actual: [0.048, 0.016, -0.167]  (mse: 0.000001)
[0.012, -0.046, 0.198, -78.177, 16.488, -150.795]   ===>   [0.025, 0.012, -0.163],  actual: [0.026, 0.012, -0.165]  (mse: 0.000002)
[0.021, 0.012, 0.200, -37.908, 8.296, -160.525]   ===>   [0.010, 0.064, -0.161],  actual: [0.010, 0.064, -0.163]  (mse: 0.000007)
[-0.009, -0.023, 0.179, -66.514, 13.575, -169.443]   ===>   [0.047, 0.033, -0.167],  actual: [0.048, 0.033, -0.166]  (mse: 0.000000)
[-0.012, -0.013, 0.179, -18.821, 11.210, -157.103]   ===>   [0.048, 0.042, -0.168],  actual: [0.047, 0.043, -0.167]  (mse: 0.000002)
[0.024, 0.004, 0.195, 9.770, -9.422, -163.168]   ===>   [0.008, 0.056, -0.161],  actual: [0.007, 0.057, -0.160]  (mse: 0.000002)
[-0.021, -0.042, 0.187, -83.824, 10.822, -163.733]   ===>   [0.061, 0.017, -0.167],  actual: [0.060, 0.017, -0.168]  (mse: 0.000001)
[0.003, -0.009, 0.184, -36.437, -12.476, -161.840]   ===>   [0.029, 0.048, -0.164],  actual: [0.028, 0.049, -0.165]  (mse: 0.000001)
[-0.021, -0.042, 0.189, 38.647, -8.375, -162.108]   ===>   [0.060, 0.015, -0.168],  actual: [0.059, 0.015, -0.167]  (mse: 0.000001)
[0.022, -0.013, 0.187, 43.765, -6.515, -172.765]   ===>   [0.012, 0.039, -0.162],  actual: [0.010, 0.039, -0.163]  (mse: 0.000002)
[0.004, 0.006, 0.174, -58.040, 20.650, -162.875]   ===>   [0.029, 0.062, -0.165],  actual: [0.029, 0.062, -0.165]  (mse: 0.000000)
[-0.000, -0.012, 0.176, 75.313, 3.431, -179.604]   ===>   [0.034, 0.043, -0.166],  actual: [0.033, 0.043, -0.166]  (mse: 0.000001)
[-0.034, -0.006, 0.186, -53.024, 24.088, -148.885]   ===>   [0.070, 0.053, -0.170],  actual: [0.069, 0.053, -0.169]  (mse: 0.000001)
[0.007, -0.003, 0.176, 16.933, -11.090, -168.670]   ===>   [0.024, 0.053, -0.163],  actual: [0.024, 0.053, -0.163]  (mse: 0.000001)
[-0.002, -0.040, 0.189, -75.041, 5.646, -165.732]   ===>   [0.039, 0.016, -0.166],  actual: [0.040, 0.017, -0.167]  (mse: 0.000003)
[0.002, -0.009, 0.177, 17.616, -8.306, -170.010]   ===>   [0.032, 0.046, -0.165],  actual: [0.031, 0.046, -0.164]  (mse: 0.000002)
[-0.002, -0.040, 0.189, 82.390, -8.257, -163.254]   ===>   [0.042, 0.014, -0.167],  actual: [0.041, 0.014, -0.167]  (mse: 0.000000)
[0.011, -0.016, 0.186, -22.935, 5.467, -158.788]   ===>   [0.024, 0.037, -0.165],  actual: [0.024, 0.037, -0.164]  (mse: 0.000001)
[-0.030, -0.016, 0.195, -69.573, 15.774, -174.901]   ===>   [0.067, 0.044, -0.169],  actual: [0.067, 0.044, -0.169]  (mse: 0.000000)
[-0.031, -0.023, 0.187, -88.328, 17.310, -172.370]   ===>   [0.069, 0.036, -0.169],  actual: [0.069, 0.036, -0.169]  (mse: 0.000000)
[0.020, -0.035, 0.189, 22.556, 0.380, -171.093]   ===>   [0.017, 0.019, -0.162],  actual: [0.017, 0.019, -0.162]  (mse: 0.000001)
[-0.008, -0.021, 0.186, 17.450, -8.241, -168.720]   ===>   [0.043, 0.035, -0.168],  actual: [0.042, 0.036, -0.167]  (mse: 0.000001)
[0.017, -0.044, 0.198, -6.742, -7.941, -172.563]   ===>   [0.020, 0.012, -0.163],  actual: [0.021, 0.012, -0.164]  (mse: 0.000001)
[-0.029, -0.044, 0.184, 1.425, 15.515, -163.743]   ===>   [0.070, 0.016, -0.167],  actual: [0.070, 0.016, -0.167]  (mse: 0.000000)
[-0.006, -0.005, 0.181, -45.627, 13.384, -150.359]   ===>   [0.040, 0.050, -0.166],  actual: [0.039, 0.050, -0.165]  (mse: 0.000001)
[0.008, -0.027, 0.184, 38.324, 11.233, -151.707]   ===>   [0.029, 0.027, -0.163],  actual: [0.029, 0.025, -0.164]  (mse: 0.000003)
[-0.015, -0.017, 0.174, -3.428, -5.702, -157.191]   ===>   [0.051, 0.040, -0.168],  actual: [0.050, 0.039, -0.167]  (mse: 0.000001)
[0.018, -0.031, 0.192, 77.322, -7.835, 176.205]   ===>   [0.022, 0.023, -0.163],  actual: [0.018, 0.021, -0.165]  (mse: 0.000025)
[-0.029, -0.045, 0.189, 61.474, 1.359, -164.824]   ===>   [0.070, 0.013, -0.167],  actual: [0.069, 0.013, -0.168]  (mse: 0.000001)
[0.008, -0.017, 0.186, -30.352, -11.936, -177.018]   ===>   [0.025, 0.039, -0.166],  actual: [0.025, 0.040, -0.165]  (mse: 0.000001)
[-0.009, -0.021, 0.179, -5.831, 13.753, -152.679]   ===>   [0.047, 0.034, -0.166],  actual: [0.047, 0.035, -0.167]  (mse: 0.000000)
[-0.007, -0.043, 0.192, -78.688, 8.044, -171.239]   ===>   [0.046, 0.015, -0.167],  actual: [0.046, 0.014, -0.167]  (mse: 0.000000)
[0.014, -0.042, 0.195, -53.670, 8.177, -156.711]   ===>   [0.023, 0.014, -0.162],  actual: [0.023, 0.014, -0.163]  (mse: 0.000001)
[0.022, 0.006, 0.184, -24.682, -18.735, -172.914]   ===>   [0.008, 0.062, -0.160],  actual: [0.007, 0.062, -0.159]  (mse: 0.000002)
[0.023, -0.028, 0.186, 14.930, -14.575, -171.454]   ===>   [0.012, 0.024, -0.162],  actual: [0.011, 0.025, -0.161]  (mse: 0.000002)
[-0.019, -0.032, 0.179, -83.822, 2.793, -155.617]   ===>   [0.055, 0.026, -0.169],  actual: [0.055, 0.026, -0.167]  (mse: 0.000005)
[-0.031, -0.034, 0.186, -60.245, 7.552, -162.549]   ===>   [0.069, 0.027, -0.170],  actual: [0.069, 0.027, -0.168]  (mse: 0.000002)
[0.014, 0.011, 0.167, -83.229, 2.975, -158.913]   ===>   [0.015, 0.069, -0.161],  actual: [0.014, 0.070, -0.160]  (mse: 0.000001)
[-0.017, -0.040, 0.184, -86.265, 0.427, -166.226]   ===>   [0.054, 0.018, -0.168],  actual: [0.054, 0.019, -0.168]  (mse: 0.000000)
[0.025, -0.041, 0.197, 31.778, 5.155, -169.231]   ===>   [0.014, 0.013, -0.161],  actual: [0.014, 0.013, -0.161]  (mse: 0.000000)
[0.010, -0.041, 0.192, -20.698, 1.840, -160.074]   ===>   [0.027, 0.014, -0.163],  actual: [0.027, 0.015, -0.163]  (mse: 0.000000)
[0.013, -0.043, 0.195, -4.073, -10.589, -169.128]   ===>   [0.023, 0.013, -0.163],  actual: [0.024, 0.013, -0.163]  (mse: 0.000001)
[0.004, 0.007, 0.176, 37.891, -10.177, -177.621]   ===>   [0.026, 0.065, -0.165],  actual: [0.025, 0.065, -0.162]  (mse: 0.000009)
[-0.005, -0.027, 0.184, 1.385, -9.140, -164.346]   ===>   [0.041, 0.029, -0.167],  actual: [0.039, 0.029, -0.166]  (mse: 0.000002)
[-0.004, 0.003, 0.179, -17.299, 20.051, -154.030]   ===>   [0.038, 0.058, -0.166],  actual: [0.039, 0.059, -0.166]  (mse: 0.000000)
[0.023, -0.029, 0.186, 69.530, -8.178, -171.823]   ===>   [0.014, 0.022, -0.162],  actual: [0.013, 0.022, -0.162]  (mse: 0.000002)
[-0.029, -0.041, 0.184, -16.958, -5.656, -155.516]   ===>   [0.068, 0.017, -0.168],  actual: [0.068, 0.017, -0.168]  (mse: 0.000000)
[-0.018, -0.037, 0.195, 73.817, 7.344, 173.620]   ===>   [0.056, 0.022, -0.167],  actual: [0.053, 0.022, -0.166]  (mse: 0.000011)
[-0.006, -0.016, 0.174, -8.428, -4.634, -159.737]   ===>   [0.041, 0.039, -0.167],  actual: [0.041, 0.039, -0.166]  (mse: 0.000001)
[0.022, -0.004, 0.184, 38.483, -12.369, -172.335]   ===>   [0.010, 0.049, -0.161],  actual: [0.009, 0.049, -0.161]  (mse: 0.000001)
[0.004, -0.042, 0.200, 45.135, 10.159, -161.812]   ===>   [0.033, 0.014, -0.166],  actual: [0.034, 0.015, -0.165]  (mse: 0.000001)
[-0.029, 0.011, 0.189, -20.831, 20.674, -154.403]   ===>   [0.065, 0.070, -0.169],  actual: [0.063, 0.072, -0.167]  (mse: 0.000008)
[0.024, -0.037, 0.184, 48.835, -7.914, -170.566]   ===>   [0.012, 0.013, -0.161],  actual: [0.012, 0.014, -0.161]  (mse: 0.000000)
[-0.019, 0.004, 0.191, 82.451, 24.835, -157.359]   ===>   [0.053, 0.065, -0.167],  actual: [0.053, 0.067, -0.166]  (mse: 0.000004)
[0.002, -0.024, 0.192, -36.719, 17.171, -157.359]   ===>   [0.034, 0.033, -0.166],  actual: [0.035, 0.031, -0.165]  (mse: 0.000003)
[-0.010, -0.039, 0.186, 6.993, 1.969, -156.309]   ===>   [0.048, 0.017, -0.168],  actual: [0.048, 0.017, -0.167]  (mse: 0.000000)
[0.020, -0.038, 0.184, -44.657, 18.672, -157.917]   ===>   [0.017, 0.014, -0.161],  actual: [0.017, 0.014, -0.161]  (mse: 0.000000)
[0.003, 0.009, 0.179, -6.514, -5.352, -158.613]   ===>   [0.027, 0.066, -0.164],  actual: [0.026, 0.067, -0.164]  (mse: 0.000002)
[0.024, -0.031, 0.195, 53.486, 5.382, -159.231]   ===>   [0.013, 0.021, -0.162],  actual: [0.015, 0.022, -0.161]  (mse: 0.000004)
[-0.017, -0.038, 0.184, 32.517, 10.296, -156.702]   ===>   [0.056, 0.018, -0.169],  actual: [0.056, 0.018, -0.168]  (mse: 0.000001)
[-0.014, -0.028, 0.184, -42.806, -5.261, -157.701]   ===>   [0.051, 0.030, -0.167],  actual: [0.050, 0.030, -0.168]  (mse: 0.000001)
[0.002, -0.040, 0.186, -14.190, 0.844, -170.184]   ===>   [0.037, 0.015, -0.165],  actual: [0.036, 0.015, -0.165]  (mse: 0.000000)
[0.025, -0.024, 0.189, 16.549, 10.313, -153.108]   ===>   [0.011, 0.027, -0.163],  actual: [0.010, 0.028, -0.162]  (mse: 0.000003)
[0.015, -0.042, 0.195, 52.800, -4.111, -170.631]   ===>   [0.023, 0.013, -0.163],  actual: [0.022, 0.012, -0.163]  (mse: 0.000000)
[0.008, -0.014, 0.189, 80.894, -8.328, -178.507]   ===>   [0.026, 0.039, -0.165],  actual: [0.026, 0.040, -0.165]  (mse: 0.000001)
[0.018, -0.016, 0.184, -29.649, -6.311, -170.651]   ===>   [0.016, 0.038, -0.163],  actual: [0.015, 0.039, -0.164]  (mse: 0.000003)
[-0.004, -0.042, 0.192, -19.504, 17.132, -168.371]   ===>   [0.042, 0.015, -0.166],  actual: [0.044, 0.015, -0.167]  (mse: 0.000004)
[-0.009, -0.023, 0.172, -54.366, 12.322, -169.552]   ===>   [0.048, 0.032, -0.167],  actual: [0.048, 0.032, -0.166]  (mse: 0.000000)
[-0.007, -0.008, 0.172, -44.454, 16.248, -153.707]   ===>   [0.042, 0.048, -0.166],  actual: [0.042, 0.048, -0.165]  (mse: 0.000001)
[0.020, -0.033, 0.192, 51.330, -9.658, -167.236]   ===>   [0.018, 0.019, -0.163],  actual: [0.016, 0.019, -0.164]  (mse: 0.000004)
[0.023, -0.034, 0.186, 77.242, -4.721, -174.688]   ===>   [0.014, 0.017, -0.162],  actual: [0.013, 0.017, -0.161]  (mse: 0.000000)
[-0.013, -0.026, 0.165, -38.747, 1.779, -158.613]   ===>   [0.053, 0.027, -0.167],  actual: [0.051, 0.029, -0.167]  (mse: 0.000004)
[0.017, -0.027, 0.189, -57.217, -0.062, -173.004]   ===>   [0.018, 0.026, -0.164],  actual: [0.018, 0.027, -0.163]  (mse: 0.000002)
[0.021, -0.037, 0.189, -30.001, 16.268, -167.107]   ===>   [0.017, 0.016, -0.162],  actual: [0.017, 0.017, -0.162]  (mse: 0.000001)
[-0.026, -0.043, 0.184, 73.179, 8.413, 173.961]   ===>   [0.066, 0.015, -0.167],  actual: [0.063, 0.016, -0.167]  (mse: 0.000008)
[-0.025, -0.005, 0.179, -51.012, 19.778, -158.153]   ===>   [0.063, 0.053, -0.169],  actual: [0.062, 0.054, -0.168]  (mse: 0.000001)
[-0.026, -0.043, 0.184, -44.569, -4.287, -160.573]   ===>   [0.065, 0.016, -0.167],  actual: [0.064, 0.017, -0.168]  (mse: 0.000002)
[-0.008, -0.017, 0.184, -6.385, 9.587, -153.197]   ===>   [0.045, 0.037, -0.168],  actual: [0.044, 0.038, -0.167]  (mse: 0.000002)
[0.018, -0.041, 0.192, 73.986, -7.386, 178.478]   ===>   [0.022, 0.015, -0.162],  actual: [0.020, 0.012, -0.162]  (mse: 0.000014)
[-0.028, -0.042, 0.181, 20.143, 8.323, -160.630]   ===>   [0.069, 0.016, -0.168],  actual: [0.069, 0.016, -0.167]  (mse: 0.000000)
[-0.006, -0.008, 0.176, -80.483, 18.635, -165.138]   ===>   [0.041, 0.048, -0.166],  actual: [0.041, 0.048, -0.166]  (mse: 0.000000)
[-0.002, 0.008, 0.179, -3.100, -19.080, -154.466]   ===>   [0.031, 0.066, -0.165],  actual: [0.031, 0.064, -0.163]  (mse: 0.000007)
[0.017, -0.024, 0.189, -80.359, 16.814, -175.527]   ===>   [0.020, 0.030, -0.164],  actual: [0.020, 0.030, -0.163]  (mse: 0.000000)
[-0.031, -0.041, 0.181, -37.986, -9.354, -165.032]   ===>   [0.070, 0.019, -0.168],  actual: [0.070, 0.019, -0.167]  (mse: 0.000000)
[0.023, -0.039, 0.184, 4.429, 9.606, -164.392]   ===>   [0.014, 0.012, -0.161],  actual: [0.014, 0.013, -0.160]  (mse: 0.000000)
[-0.012, -0.042, 0.192, -2.110, -1.481, -159.979]   ===>   [0.048, 0.016, -0.168],  actual: [0.048, 0.016, -0.167]  (mse: 0.000001)
[0.005, -0.019, 0.184, -17.714, -5.304, -164.252]   ===>   [0.030, 0.036, -0.166],  actual: [0.028, 0.036, -0.165]  (mse: 0.000003)
[0.012, -0.010, 0.186, 75.622, -3.506, -175.144]   ===>   [0.021, 0.043, -0.165],  actual: [0.020, 0.043, -0.164]  (mse: 0.000000)
[-0.015, -0.008, 0.174, -61.266, 16.200, -160.607]   ===>   [0.051, 0.048, -0.168],  actual: [0.050, 0.049, -0.167]  (mse: 0.000001)
[0.003, -0.017, 0.184, 75.931, -2.696, -178.620]   ===>   [0.031, 0.038, -0.166],  actual: [0.031, 0.037, -0.165]  (mse: 0.000001)
[0.023, 0.016, 0.192, 57.383, -7.849, -168.890]   ===>   [0.007, 0.069, -0.160],  actual: [0.006, 0.068, -0.158]  (mse: 0.000003)
[-0.004, -0.013, 0.184, 20.338, 2.911, -154.824]   ===>   [0.039, 0.040, -0.166],  actual: [0.039, 0.041, -0.165]  (mse: 0.000004)
[-0.030, -0.014, 0.192, -70.172, 14.517, -172.808]   ===>   [0.067, 0.045, -0.169],  actual: [0.066, 0.046, -0.169]  (mse: 0.000000)
[-0.015, -0.033, 0.189, -22.782, -1.645, -152.591]   ===>   [0.051, 0.024, -0.166],  actual: [0.050, 0.025, -0.166]  (mse: 0.000002)
[0.017, -0.031, 0.192, -32.866, -5.417, -164.759]   ===>   [0.018, 0.023, -0.165],  actual: [0.018, 0.023, -0.165]  (mse: 0.000000)
[0.017, -0.038, 0.195, 55.922, 2.929, -178.166]   ===>   [0.020, 0.018, -0.162],  actual: [0.019, 0.018, -0.162]  (mse: 0.000000)
[0.025, -0.042, 0.198, 56.027, 2.003, -174.123]   ===>   [0.013, 0.013, -0.161],  actual: [0.013, 0.013, -0.161]  (mse: 0.000001)
[0.009, -0.030, 0.189, 46.986, 4.883, -173.741]   ===>   [0.026, 0.025, -0.164],  actual: [0.026, 0.025, -0.164]  (mse: 0.000000)
[0.009, 0.012, 0.184, 15.041, -15.094, -159.792]   ===>   [0.020, 0.067, -0.163],  actual: [0.021, 0.066, -0.161]  (mse: 0.000004)
[0.019, -0.028, 0.184, -15.564, 4.641, -165.922]   ===>   [0.017, 0.024, -0.163],  actual: [0.016, 0.025, -0.162]  (mse: 0.000003)
[0.026, -0.031, 0.184, -19.615, 12.574, -165.395]   ===>   [0.011, 0.019, -0.161],  actual: [0.010, 0.021, -0.161]  (mse: 0.000002)
[0.023, -0.026, 0.186, 79.288, 11.207, -168.887]   ===>   [0.011, 0.025, -0.162],  actual: [0.011, 0.026, -0.162]  (mse: 0.000001)
[-0.000, -0.041, 0.195, -26.327, 8.961, -159.449]   ===>   [0.037, 0.016, -0.165],  actual: [0.037, 0.017, -0.167]  (mse: 0.000003)
[0.024, -0.040, 0.192, -59.642, -3.446, -177.910]   ===>   [0.014, 0.014, -0.161],  actual: [0.014, 0.015, -0.161]  (mse: 0.000001)
[-0.016, -0.042, 0.184, 17.506, 5.696, -151.293]   ===>   [0.055, 0.015, -0.168],  actual: [0.057, 0.014, -0.168]  (mse: 0.000004)
[0.004, -0.040, 0.189, 10.605, 12.735, -156.471]   ===>   [0.034, 0.015, -0.165],  actual: [0.035, 0.015, -0.164]  (mse: 0.000001)
[0.022, -0.034, 0.192, -50.333, 8.542, -157.759]   ===>   [0.014, 0.019, -0.162],  actual: [0.014, 0.020, -0.162]  (mse: 0.000001)
[-0.031, -0.003, 0.189, -61.667, 19.662, -167.192]   ===>   [0.067, 0.057, -0.169],  actual: [0.066, 0.058, -0.169]  (mse: 0.000004)
[0.005, -0.009, 0.181, 25.714, -3.081, -172.755]   ===>   [0.028, 0.047, -0.166],  actual: [0.027, 0.047, -0.164]  (mse: 0.000002)
[0.020, -0.029, 0.186, 77.358, -6.209, -174.096]   ===>   [0.017, 0.022, -0.163],  actual: [0.016, 0.023, -0.162]  (mse: 0.000001)
[0.018, -0.040, 0.192, 51.473, -2.110, -160.054]   ===>   [0.020, 0.013, -0.162],  actual: [0.020, 0.013, -0.162]  (mse: 0.000000)
[0.019, -0.014, 0.186, 87.413, 14.275, -172.527]   ===>   [0.013, 0.039, -0.163],  actual: [0.013, 0.039, -0.164]  (mse: 0.000002)
[-0.014, -0.041, 0.192, 70.032, -7.731, -174.286]   ===>   [0.052, 0.016, -0.167],  actual: [0.052, 0.016, -0.167]  (mse: 0.000000)
[-0.026, 0.015, 0.192, -76.726, 22.239, -171.758]   ===>   [0.060, 0.073, -0.167],  actual: [0.059, 0.073, -0.167]  (mse: 0.000002)
[0.009, -0.015, 0.189, 77.526, -6.326, -176.618]   ===>   [0.026, 0.038, -0.165],  actual: [0.025, 0.038, -0.165]  (mse: 0.000001)
[0.007, -0.001, 0.181, 15.531, -16.092, -165.836]   ===>   [0.025, 0.055, -0.164],  actual: [0.023, 0.054, -0.162]  (mse: 0.000005)
[0.026, -0.033, 0.186, 75.095, 0.796, -178.357]   ===>   [0.010, 0.019, -0.162],  actual: [0.010, 0.020, -0.161]  (mse: 0.000001)
[-0.032, -0.022, 0.186, -68.358, 21.428, -159.953]   ===>   [0.069, 0.038, -0.169],  actual: [0.069, 0.038, -0.169]  (mse: 0.000000)
[0.005, -0.023, 0.186, 40.581, 2.911, -172.115]   ===>   [0.029, 0.031, -0.165],  actual: [0.029, 0.032, -0.165]  (mse: 0.000000)
[-0.009, -0.030, 0.186, 74.644, 5.267, 177.732]   ===>   [0.047, 0.028, -0.167],  actual: [0.044, 0.028, -0.166]  (mse: 0.000007)
[-0.004, 0.005, 0.179, -11.438, -7.081, -157.635]   ===>   [0.035, 0.063, -0.165],  actual: [0.033, 0.063, -0.164]  (mse: 0.000004)
[0.005, -0.019, 0.170, 1.488, -3.422, -167.759]   ===>   [0.031, 0.034, -0.166],  actual: [0.030, 0.033, -0.166]  (mse: 0.000001)
[0.025, -0.024, 0.192, -66.497, 13.316, -172.643]   ===>   [0.012, 0.029, -0.163],  actual: [0.011, 0.029, -0.163]  (mse: 0.000001)
[-0.020, -0.033, 0.176, -18.500, 13.735, -161.168]   ===>   [0.061, 0.024, -0.167],  actual: [0.060, 0.023, -0.169]  (mse: 0.000004)
[-0.006, -0.022, 0.176, -26.523, -7.486, -163.070]   ===>   [0.042, 0.033, -0.167],  actual: [0.041, 0.034, -0.167]  (mse: 0.000002)
[0.006, -0.028, 0.192, 56.111, -3.087, -168.939]   ===>   [0.030, 0.027, -0.164],  actual: [0.031, 0.027, -0.165]  (mse: 0.000000)
[0.016, -0.009, 0.194, -29.155, 10.179, -163.826]   ===>   [0.018, 0.043, -0.163],  actual: [0.018, 0.044, -0.164]  (mse: 0.000002)
[0.014, -0.012, 0.176, -29.524, -6.383, -169.447]   ===>   [0.019, 0.042, -0.164],  actual: [0.018, 0.042, -0.164]  (mse: 0.000001)
[0.018, -0.020, 0.181, 6.238, 3.509, -160.301]   ===>   [0.016, 0.032, -0.164],  actual: [0.016, 0.032, -0.164]  (mse: 0.000001)
[0.019, -0.022, 0.189, 69.420, -3.951, -173.684]   ===>   [0.016, 0.029, -0.163],  actual: [0.016, 0.030, -0.163]  (mse: 0.000001)
[-0.023, -0.038, 0.186, -65.401, 15.281, -158.899]   ===>   [0.062, 0.021, -0.167],  actual: [0.061, 0.020, -0.169]  (mse: 0.000003)
[-0.022, -0.045, 0.189, -43.604, 12.282, -165.623]   ===>   [0.063, 0.015, -0.167],  actual: [0.062, 0.015, -0.167]  (mse: 0.000000)
[-0.008, -0.015, 0.174, 10.344, -9.380, -160.649]   ===>   [0.044, 0.040, -0.167],  actual: [0.043, 0.040, -0.167]  (mse: 0.000000)
[0.005, -0.010, 0.176, -62.274, 24.524, -167.924]   ===>   [0.031, 0.044, -0.166],  actual: [0.030, 0.045, -0.165]  (mse: 0.000002)
[-0.022, -0.031, 0.181, 68.586, -5.813, -178.346]   ===>   [0.060, 0.027, -0.168],  actual: [0.060, 0.026, -0.169]  (mse: 0.000001)
[0.006, -0.004, 0.178, -47.647, 5.125, -155.733]   ===>   [0.027, 0.051, -0.164],  actual: [0.025, 0.053, -0.165]  (mse: 0.000008)
[0.019, 0.013, 0.195, -83.480, -6.110, -158.865]   ===>   [0.011, 0.069, -0.161],  actual: [0.010, 0.070, -0.159]  (mse: 0.000002)
[-0.004, -0.017, 0.181, -4.204, 11.871, -152.868]   ===>   [0.040, 0.037, -0.167],  actual: [0.039, 0.039, -0.165]  (mse: 0.000004)
[-0.004, -0.020, 0.187, 16.072, 7.685, -153.520]   ===>   [0.040, 0.034, -0.166],  actual: [0.040, 0.035, -0.167]  (mse: 0.000000)
[0.020, 0.012, 0.181, 10.247, -8.738, -164.876]   ===>   [0.009, 0.066, -0.160],  actual: [0.009, 0.066, -0.159]  (mse: 0.000000)
[0.022, -0.008, 0.187, -46.841, 0.024, -158.808]   ===>   [0.010, 0.046, -0.163],  actual: [0.010, 0.046, -0.162]  (mse: 0.000001)
[0.014, -0.042, 0.195, 24.013, 3.593, -161.603]   ===>   [0.023, 0.013, -0.163],  actual: [0.023, 0.013, -0.163]  (mse: 0.000000)
[0.016, -0.037, 0.195, -51.495, -7.906, -168.342]   ===>   [0.020, 0.019, -0.163],  actual: [0.020, 0.019, -0.163]  (mse: 0.000001)
[0.019, -0.029, 0.192, 47.750, 0.844, -159.800]   ===>   [0.017, 0.023, -0.164],  actual: [0.017, 0.024, -0.162]  (mse: 0.000003)
[-0.031, -0.039, 0.184, -48.664, 5.258, -158.992]   ===>   [0.070, 0.020, -0.170],  actual: [0.070, 0.020, -0.170]  (mse: 0.000000)
[0.026, -0.018, 0.186, -53.669, 23.296, -170.455]   ===>   [0.010, 0.033, -0.163],  actual: [0.010, 0.035, -0.162]  (mse: 0.000003)
[0.019, -0.042, 0.195, 52.064, -2.971, -163.786]   ===>   [0.019, 0.011, -0.162],  actual: [0.019, 0.011, -0.163]  (mse: 0.000001)
[-0.031, -0.042, 0.179, 3.016, -12.822, -148.109]   ===>   [0.070, 0.015, -0.167],  actual: [0.070, 0.015, -0.167]  (mse: 0.000000)
[0.021, -0.009, 0.176, -17.547, 2.315, -165.721]   ===>   [0.011, 0.044, -0.163],  actual: [0.011, 0.044, -0.162]  (mse: 0.000001)
[0.008, -0.009, 0.181, -6.041, -7.580, -169.784]   ===>   [0.025, 0.046, -0.165],  actual: [0.025, 0.047, -0.164]  (mse: 0.000000)
[0.021, -0.020, 0.189, -53.635, -1.921, -158.509]   ===>   [0.012, 0.034, -0.163],  actual: [0.012, 0.035, -0.162]  (mse: 0.000001)
[0.009, -0.018, 0.186, -44.014, 22.718, -158.031]   ===>   [0.027, 0.036, -0.166],  actual: [0.026, 0.036, -0.165]  (mse: 0.000001)
[0.004, -0.031, 0.194, 3.156, -4.444, -172.424]   ===>   [0.032, 0.025, -0.165],  actual: [0.031, 0.027, -0.165]  (mse: 0.000002)
[0.020, -0.038, 0.195, -34.639, 4.437, -160.966]   ===>   [0.017, 0.016, -0.163],  actual: [0.016, 0.017, -0.164]  (mse: 0.000002)
[0.024, -0.026, 0.186, -20.417, 8.451, -162.442]   ===>   [0.011, 0.025, -0.162],  actual: [0.010, 0.026, -0.162]  (mse: 0.000003)
[-0.004, -0.040, 0.189, 25.841, -2.211, -149.294]   ===>   [0.042, 0.015, -0.167],  actual: [0.042, 0.015, -0.167]  (mse: 0.000001)
[0.022, -0.039, 0.176, -47.517, 6.449, -160.586]   ===>   [0.013, 0.011, -0.161],  actual: [0.014, 0.012, -0.161]  (mse: 0.000000)
[0.004, -0.018, 0.186, -32.209, -5.631, -165.142]   ===>   [0.030, 0.038, -0.166],  actual: [0.030, 0.037, -0.165]  (mse: 0.000001)
[0.024, -0.021, 0.192, -5.347, -3.347, -166.344]   ===>   [0.012, 0.032, -0.163],  actual: [0.011, 0.032, -0.164]  (mse: 0.000003)
[-0.012, 0.001, 0.176, -67.563, 24.928, -155.795]   ===>   [0.046, 0.057, -0.167],  actual: [0.046, 0.057, -0.166]  (mse: 0.000002)
[-0.022, -0.033, 0.179, -8.409, 19.086, -155.504]   ===>   [0.062, 0.023, -0.168],  actual: [0.062, 0.024, -0.167]  (mse: 0.000001)
[0.007, -0.030, 0.189, 11.001, -7.887, -176.363]   ===>   [0.028, 0.026, -0.164],  actual: [0.027, 0.026, -0.164]  (mse: 0.000001)
[-0.017, -0.042, 0.192, 61.269, -8.112, -162.000]   ===>   [0.056, 0.015, -0.168],  actual: [0.056, 0.015, -0.167]  (mse: 0.000000)
[0.023, 0.014, 0.207, 69.422, -4.498, 177.887]   ===>   [0.011, 0.068, -0.161],  actual: [0.008, 0.067, -0.159]  (mse: 0.000013)
[-0.012, -0.022, 0.179, 84.862, 6.969, -177.350]   ===>   [0.047, 0.034, -0.167],  actual: [0.047, 0.033, -0.167]  (mse: 0.000000)
[-0.003, -0.042, 0.189, -32.068, -8.192, -169.638]   ===>   [0.040, 0.014, -0.166],  actual: [0.040, 0.014, -0.167]  (mse: 0.000001)
[0.022, -0.029, 0.189, 25.023, -5.147, -168.760]   ===>   [0.014, 0.023, -0.162],  actual: [0.013, 0.024, -0.163]  (mse: 0.000001)
[0.026, -0.036, 0.181, -42.651, 4.364, -159.669]   ===>   [0.010, 0.015, -0.161],  actual: [0.010, 0.015, -0.160]  (mse: 0.000000)
[0.008, -0.018, 0.197, 34.747, 3.652, -158.172]   ===>   [0.028, 0.036, -0.165],  actual: [0.026, 0.037, -0.165]  (mse: 0.000003)
[0.021, -0.016, 0.187, 37.623, -16.310, -171.736]   ===>   [0.013, 0.036, -0.163],  actual: [0.012, 0.036, -0.163]  (mse: 0.000001)
[0.022, -0.024, 0.192, 51.267, -8.977, -166.357]   ===>   [0.015, 0.028, -0.163],  actual: [0.014, 0.029, -0.163]  (mse: 0.000001)
[0.011, -0.042, 0.192, 66.169, 0.321, 178.395]   ===>   [0.027, 0.015, -0.164],  actual: [0.026, 0.013, -0.164]  (mse: 0.000009)
[0.023, 0.012, 0.189, 89.451, 17.872, -173.987]   ===>   [0.008, 0.068, -0.160],  actual: [0.007, 0.066, -0.159]  (mse: 0.000006)
[0.015, -0.039, 0.189, -68.383, 20.643, -153.048]   ===>   [0.022, 0.015, -0.162],  actual: [0.022, 0.016, -0.162]  (mse: 0.000001)
[0.017, 0.011, 0.174, -33.153, -6.239, -161.958]   ===>   [0.012, 0.068, -0.160],  actual: [0.011, 0.068, -0.159]  (mse: 0.000001)
[0.016, -0.043, 0.195, -11.625, -10.174, -173.488]   ===>   [0.020, 0.013, -0.162],  actual: [0.021, 0.013, -0.163]  (mse: 0.000001)
[0.014, -0.030, 0.186, 83.028, -7.740, -173.343]   ===>   [0.023, 0.023, -0.163],  actual: [0.023, 0.023, -0.163]  (mse: 0.000000)
[0.024, -0.037, 0.179, -76.861, -1.037, -164.943]   ===>   [0.012, 0.014, -0.161],  actual: [0.011, 0.015, -0.160]  (mse: 0.000000)
[-0.036, 0.005, 0.186, -50.202, 14.080, -154.707]   ===>   [0.070, 0.064, -0.171],  actual: [0.069, 0.065, -0.170]  (mse: 0.000004)
[-0.024, -0.042, 0.184, 73.267, 8.305, 173.539]   ===>   [0.064, 0.016, -0.167],  actual: [0.062, 0.017, -0.167]  (mse: 0.000010)
[-0.028, -0.040, 0.186, -21.056, 3.214, -155.403]   ===>   [0.066, 0.019, -0.169],  actual: [0.067, 0.019, -0.167]  (mse: 0.000003)
[0.011, 0.007, 0.179, 41.938, -10.383, -174.229]   ===>   [0.019, 0.062, -0.163],  actual: [0.018, 0.062, -0.161]  (mse: 0.000006)
[0.011, -0.024, 0.192, 59.225, -7.359, -171.794]   ===>   [0.024, 0.030, -0.164],  actual: [0.023, 0.030, -0.165]  (mse: 0.000002)
[0.010, -0.041, 0.201, 47.768, 11.090, -150.153]   ===>   [0.028, 0.014, -0.164],  actual: [0.030, 0.014, -0.164]  (mse: 0.000002)
[0.024, -0.020, 0.184, -82.015, 10.333, -171.877]   ===>   [0.011, 0.032, -0.163],  actual: [0.010, 0.033, -0.162]  (mse: 0.000002)
[-0.001, -0.026, 0.187, -60.097, -6.577, -162.734]   ===>   [0.035, 0.032, -0.166],  actual: [0.036, 0.031, -0.166]  (mse: 0.000000)
[0.020, -0.042, 0.198, 8.706, 6.490, -159.097]   ===>   [0.018, 0.011, -0.162],  actual: [0.018, 0.012, -0.162]  (mse: 0.000001)
[0.025, 0.009, 0.203, 86.336, -1.450, -173.911]   ===>   [0.007, 0.060, -0.161],  actual: [0.007, 0.060, -0.159]  (mse: 0.000001)
[0.022, 0.014, 0.184, -41.025, -3.766, -156.237]   ===>   [0.007, 0.069, -0.160],  actual: [0.006, 0.069, -0.158]  (mse: 0.000005)
[0.021, -0.035, 0.195, -35.194, 18.850, -167.620]   ===>   [0.018, 0.019, -0.162],  actual: [0.018, 0.019, -0.162]  (mse: 0.000000)
[-0.009, -0.031, 0.184, -7.044, -15.308, -170.540]   ===>   [0.045, 0.026, -0.167],  actual: [0.045, 0.026, -0.166]  (mse: 0.000000)
[-0.029, -0.017, 0.184, -13.513, 20.637, -155.790]   ===>   [0.067, 0.042, -0.169],  actual: [0.066, 0.042, -0.169]  (mse: 0.000000)
[0.013, -0.042, 0.195, 33.924, -12.402, -175.477]   ===>   [0.024, 0.012, -0.163],  actual: [0.024, 0.013, -0.163]  (mse: 0.000001)
[-0.003, -0.039, 0.186, -18.105, 6.655, -169.506]   ===>   [0.041, 0.016, -0.166],  actual: [0.041, 0.016, -0.167]  (mse: 0.000000)
[-0.004, -0.041, 0.195, 52.226, -2.427, -170.521]   ===>   [0.041, 0.016, -0.166],  actual: [0.041, 0.016, -0.166]  (mse: 0.000000)
[-0.013, -0.023, 0.184, 37.366, -3.066, -163.007]   ===>   [0.049, 0.033, -0.168],  actual: [0.048, 0.033, -0.167]  (mse: 0.000004)
[0.024, -0.015, 0.186, -87.653, 16.144, 178.971]   ===>   [0.013, 0.040, -0.162],  actual: [0.012, 0.037, -0.162]  (mse: 0.000013)
[0.015, -0.037, 0.192, -29.069, 8.992, -161.272]   ===>   [0.023, 0.017, -0.162],  actual: [0.023, 0.017, -0.163]  (mse: 0.000000)
[0.021, -0.037, 0.170, 62.129, -8.322, -176.329]   ===>   [0.014, 0.011, -0.161],  actual: [0.013, 0.011, -0.161]  (mse: 0.000000)
[0.003, -0.028, 0.197, 16.508, 2.761, -161.752]   ===>   [0.034, 0.030, -0.165],  actual: [0.032, 0.030, -0.165]  (mse: 0.000005)
[0.013, -0.024, 0.192, 44.449, -4.261, -158.542]   ===>   [0.024, 0.029, -0.165],  actual: [0.023, 0.029, -0.165]  (mse: 0.000001)
[0.010, -0.018, 0.194, 15.189, -3.004, -170.685]   ===>   [0.024, 0.037, -0.165],  actual: [0.024, 0.038, -0.165]  (mse: 0.000001)
[0.004, -0.040, 0.189, 8.715, 6.905, -160.504]   ===>   [0.033, 0.014, -0.166],  actual: [0.033, 0.014, -0.166]  (mse: 0.000000)
[-0.024, -0.042, 0.187, 2.736, 4.267, -156.687]   ===>   [0.063, 0.016, -0.168],  actual: [0.063, 0.017, -0.167]  (mse: 0.000003)
[-0.018, -0.037, 0.186, 82.010, -7.750, -163.464]   ===>   [0.058, 0.018, -0.168],  actual: [0.058, 0.018, -0.169]  (mse: 0.000002)
[0.021, -0.028, 0.192, -34.627, -7.997, -171.134]   ===>   [0.015, 0.026, -0.163],  actual: [0.014, 0.027, -0.163]  (mse: 0.000001)
[-0.005, -0.018, 0.184, -80.812, 21.966, -173.445]   ===>   [0.042, 0.038, -0.167],  actual: [0.041, 0.037, -0.167]  (mse: 0.000001)
[0.009, -0.023, 0.189, -26.823, 12.749, -150.620]   ===>   [0.026, 0.031, -0.164],  actual: [0.025, 0.031, -0.165]  (mse: 0.000002)
[-0.003, -0.022, 0.192, 56.415, -6.827, -166.785]   ===>   [0.038, 0.033, -0.166],  actual: [0.039, 0.034, -0.166]  (mse: 0.000001)
[0.024, -0.021, 0.186, 79.084, -7.629, -166.697]   ===>   [0.012, 0.029, -0.163],  actual: [0.011, 0.030, -0.163]  (mse: 0.000001)
[-0.000, -0.040, 0.189, -27.488, 14.686, -158.325]   ===>   [0.038, 0.016, -0.165],  actual: [0.038, 0.016, -0.165]  (mse: 0.000001)
[0.011, -0.017, 0.184, 77.196, -3.761, -174.038]   ===>   [0.024, 0.035, -0.165],  actual: [0.024, 0.036, -0.165]  (mse: 0.000001)
[-0.029, -0.040, 0.186, -40.877, 13.162, -146.654]   ===>   [0.067, 0.019, -0.167],  actual: [0.067, 0.019, -0.167]  (mse: 0.000000)
[0.025, 0.014, 0.213, 51.303, -7.410, -169.573]   ===>   [0.007, 0.065, -0.160],  actual: [0.007, 0.066, -0.159]  (mse: 0.000002)
[0.014, -0.029, 0.184, 15.243, 18.659, -152.104]   ===>   [0.023, 0.023, -0.164],  actual: [0.023, 0.023, -0.163]  (mse: 0.000001)
[0.009, -0.044, 0.198, -73.648, 11.857, -150.995]   ===>   [0.028, 0.013, -0.164],  actual: [0.028, 0.014, -0.164]  (mse: 0.000000)
[-0.012, -0.033, 0.184, 1.075, -3.632, -168.511]   ===>   [0.050, 0.024, -0.167],  actual: [0.050, 0.024, -0.167]  (mse: 0.000000)
[0.021, -0.032, 0.192, -11.256, 11.624, -160.096]   ===>   [0.016, 0.020, -0.163],  actual: [0.015, 0.021, -0.164]  (mse: 0.000001)
[0.014, -0.024, 0.195, 76.941, -0.305, 179.718]   ===>   [0.022, 0.030, -0.165],  actual: [0.021, 0.030, -0.164]  (mse: 0.000002)
[0.005, -0.019, 0.179, -28.330, -4.635, -164.438]   ===>   [0.030, 0.036, -0.166],  actual: [0.029, 0.035, -0.165]  (mse: 0.000001)
[0.020, -0.041, 0.201, 17.260, 6.412, -155.581]   ===>   [0.018, 0.013, -0.163],  actual: [0.017, 0.013, -0.164]  (mse: 0.000004)
[-0.008, -0.011, 0.170, -44.327, 16.527, -154.268]   ===>   [0.045, 0.045, -0.166],  actual: [0.044, 0.045, -0.166]  (mse: 0.000001)
[0.024, -0.029, 0.189, -47.102, -5.744, -157.048]   ===>   [0.011, 0.024, -0.162],  actual: [0.010, 0.025, -0.162]  (mse: 0.000003)
[-0.007, -0.020, 0.189, -7.583, -13.094, -148.434]   ===>   [0.041, 0.037, -0.167],  actual: [0.041, 0.036, -0.167]  (mse: 0.000002)
[-0.026, -0.039, 0.184, -48.523, 5.343, -158.411]   ===>   [0.065, 0.019, -0.170],  actual: [0.064, 0.020, -0.170]  (mse: 0.000001)
[-0.016, -0.031, 0.174, -10.100, 5.623, -159.351]   ===>   [0.056, 0.025, -0.168],  actual: [0.055, 0.026, -0.167]  (mse: 0.000003)
[0.004, -0.015, 0.170, -26.398, 18.624, -157.719]   ===>   [0.033, 0.038, -0.166],  actual: [0.032, 0.039, -0.165]  (mse: 0.000003)
[-0.011, -0.040, 0.183, 9.878, -4.115, -167.498]   ===>   [0.050, 0.016, -0.167],  actual: [0.048, 0.016, -0.167]  (mse: 0.000003)
[-0.021, -0.034, 0.181, 61.925, -9.072, -177.222]   ===>   [0.059, 0.023, -0.168],  actual: [0.058, 0.023, -0.167]  (mse: 0.000000)
[0.022, -0.016, 0.192, 51.880, -1.470, -176.191]   ===>   [0.012, 0.037, -0.162],  actual: [0.011, 0.038, -0.162]  (mse: 0.000001)
[0.017, -0.012, 0.200, -36.177, 5.175, -167.813]   ===>   [0.017, 0.042, -0.164],  actual: [0.017, 0.042, -0.164]  (mse: 0.000001)
[0.020, -0.035, 0.189, 63.149, 0.050, -173.903]   ===>   [0.018, 0.017, -0.162],  actual: [0.016, 0.017, -0.162]  (mse: 0.000002)
[-0.006, -0.040, 0.192, 52.136, -2.240, -170.933]   ===>   [0.043, 0.016, -0.167],  actual: [0.043, 0.016, -0.167]  (mse: 0.000000)
[0.001, -0.022, 0.179, -81.882, 6.742, -159.582]   ===>   [0.034, 0.034, -0.166],  actual: [0.034, 0.035, -0.165]  (mse: 0.000001)
[-0.036, -0.004, 0.198, -42.945, -19.374, -172.133]   ===>   [0.066, 0.061, -0.170],  actual: [0.066, 0.062, -0.170]  (mse: 0.000001)
[0.024, -0.043, 0.192, -73.393, 1.162, -171.959]   ===>   [0.014, 0.012, -0.161],  actual: [0.014, 0.012, -0.161]  (mse: 0.000000)
[-0.016, 0.011, 0.181, 5.941, -7.814, -155.716]   ===>   [0.046, 0.071, -0.167],  actual: [0.045, 0.070, -0.167]  (mse: 0.000002)
[-0.016, -0.016, 0.181, -2.326, 9.495, -153.974]   ===>   [0.053, 0.041, -0.169],  actual: [0.051, 0.041, -0.168]  (mse: 0.000005)
[-0.009, -0.026, 0.172, 75.947, -0.451, -178.521]   ===>   [0.047, 0.029, -0.167],  actual: [0.046, 0.028, -0.166]  (mse: 0.000002)
[0.019, -0.037, 0.192, 56.059, 0.452, -174.223]   ===>   [0.019, 0.016, -0.162],  actual: [0.018, 0.017, -0.162]  (mse: 0.000001)
[-0.028, -0.043, 0.184, -10.691, -6.996, -168.831]   ===>   [0.067, 0.016, -0.167],  actual: [0.067, 0.017, -0.167]  (mse: 0.000000)
[-0.016, -0.024, 0.189, -88.839, 12.068, -176.230]   ===>   [0.054, 0.033, -0.167],  actual: [0.054, 0.034, -0.166]  (mse: 0.000001)
[-0.014, -0.033, 0.184, -4.876, -6.694, -168.393]   ===>   [0.052, 0.023, -0.166],  actual: [0.051, 0.023, -0.166]  (mse: 0.000000)
[0.001, -0.015, 0.189, 26.394, 0.380, -158.760]   ===>   [0.033, 0.039, -0.166],  actual: [0.032, 0.040, -0.165]  (mse: 0.000003)
[-0.009, -0.023, 0.189, 17.591, -7.102, -169.764]   ===>   [0.044, 0.034, -0.167],  actual: [0.045, 0.033, -0.167]  (mse: 0.000001)
[-0.024, -0.040, 0.184, 20.003, 7.467, -162.212]   ===>   [0.064, 0.018, -0.169],  actual: [0.063, 0.018, -0.167]  (mse: 0.000004)
[0.021, -0.040, 0.195, 51.336, -7.148, -168.926]   ===>   [0.017, 0.013, -0.162],  actual: [0.017, 0.013, -0.164]  (mse: 0.000006)
[0.018, -0.022, 0.189, 69.292, 0.078, -175.856]   ===>   [0.017, 0.031, -0.163],  actual: [0.016, 0.032, -0.164]  (mse: 0.000002)
[-0.018, -0.025, 0.179, -45.581, 13.530, -154.115]   ===>   [0.056, 0.032, -0.167],  actual: [0.055, 0.032, -0.166]  (mse: 0.000001)
[0.019, -0.033, 0.189, -66.905, 2.582, -171.670]   ===>   [0.018, 0.021, -0.163],  actual: [0.017, 0.022, -0.165]  (mse: 0.000007)
[0.010, -0.023, 0.189, -53.931, 17.227, -152.746]   ===>   [0.025, 0.032, -0.164],  actual: [0.024, 0.032, -0.165]  (mse: 0.000001)
[-0.032, -0.010, 0.184, -21.746, 12.310, -146.924]   ===>   [0.067, 0.049, -0.169],  actual: [0.066, 0.049, -0.169]  (mse: 0.000001)
[-0.018, -0.026, 0.168, -47.481, 12.808, -154.173]   ===>   [0.057, 0.029, -0.167],  actual: [0.057, 0.030, -0.166]  (mse: 0.000003)
[-0.030, -0.036, 0.181, -80.195, 9.416, -160.197]   ===>   [0.068, 0.023, -0.169],  actual: [0.069, 0.023, -0.167]  (mse: 0.000002)
[0.015, -0.043, 0.195, 8.778, -7.565, -169.532]   ===>   [0.021, 0.012, -0.163],  actual: [0.022, 0.012, -0.163]  (mse: 0.000000)
[0.016, -0.024, 0.186, 4.472, 19.236, -159.535]   ===>   [0.021, 0.029, -0.164],  actual: [0.021, 0.029, -0.163]  (mse: 0.000001)
[-0.002, -0.042, 0.195, -60.318, -7.085, -172.674]   ===>   [0.038, 0.017, -0.167],  actual: [0.038, 0.017, -0.167]  (mse: 0.000000)
[0.022, -0.032, 0.192, -63.383, 21.498, -161.946]   ===>   [0.016, 0.021, -0.162],  actual: [0.016, 0.022, -0.162]  (mse: 0.000000)
[0.003, -0.009, 0.174, -83.872, 13.315, -163.603]   ===>   [0.031, 0.046, -0.165],  actual: [0.030, 0.047, -0.164]  (mse: 0.000002)
[-0.019, -0.038, 0.179, -47.894, 6.916, -162.191]   ===>   [0.059, 0.019, -0.168],  actual: [0.058, 0.019, -0.169]  (mse: 0.000001)
[0.003, -0.027, 0.192, 50.725, -3.133, -173.469]   ===>   [0.032, 0.028, -0.165],  actual: [0.032, 0.028, -0.165]  (mse: 0.000000)
[-0.016, -0.040, 0.187, -30.012, 1.004, -161.813]   ===>   [0.053, 0.018, -0.168],  actual: [0.052, 0.018, -0.168]  (mse: 0.000001)
[-0.030, -0.042, 0.179, 78.198, 11.495, 173.995]   ===>   [0.070, 0.015, -0.167],  actual: [0.069, 0.017, -0.167]  (mse: 0.000005)
[-0.027, -0.040, 0.184, -0.506, -4.565, -159.098]   ===>   [0.066, 0.018, -0.168],  actual: [0.066, 0.018, -0.168]  (mse: 0.000000)
[0.021, -0.038, 0.187, -75.294, -1.119, -170.786]   ===>   [0.015, 0.015, -0.161],  actual: [0.015, 0.016, -0.161]  (mse: 0.000000)
[-0.030, -0.016, 0.192, -48.178, 17.864, -165.831]   ===>   [0.067, 0.043, -0.169],  actual: [0.066, 0.044, -0.169]  (mse: 0.000001)
[0.007, -0.025, 0.186, 53.686, -6.025, -179.610]   ===>   [0.027, 0.030, -0.165],  actual: [0.027, 0.030, -0.165]  (mse: 0.000000)
[0.020, 0.011, 0.181, 24.282, -9.245, -164.672]   ===>   [0.009, 0.065, -0.160],  actual: [0.009, 0.065, -0.159]  (mse: 0.000000)
[-0.014, -0.034, 0.186, 1.067, -3.470, -167.942]   ===>   [0.052, 0.023, -0.167],  actual: [0.051, 0.023, -0.167]  (mse: 0.000000)
[0.004, -0.019, 0.176, -47.111, -5.127, -168.965]   ===>   [0.030, 0.036, -0.166],  actual: [0.030, 0.035, -0.165]  (mse: 0.000001)
[-0.016, -0.021, 0.184, 7.227, -13.425, -174.868]   ===>   [0.050, 0.038, -0.168],  actual: [0.050, 0.038, -0.166]  (mse: 0.000002)
[-0.016, -0.036, 0.179, -79.354, -5.230, -165.868]   ===>   [0.054, 0.023, -0.167],  actual: [0.054, 0.022, -0.167]  (mse: 0.000000)
[0.020, -0.035, 0.195, -74.673, 21.052, -151.407]   ===>   [0.017, 0.020, -0.162],  actual: [0.015, 0.020, -0.164]  (mse: 0.000006)
