
Some debug prints:
robot points in left/right camera (we'll average later):
(0, array([ 0.05847758,  0.07378694, -0.15324037]), array([ 0.05847758,  0.07378694, -0.15324037]))
(1, array([ 0.05627323,  0.07286323, -0.15419178]), array([ 0.05627323,  0.07286323, -0.15419178]))
(2, array([ 0.05640511,  0.0726599 , -0.15440034]), array([ 0.05640511,  0.0726599 , -0.15440034]))
(3, array([ 0.05549058,  0.07187153, -0.15476888]), array([ 0.05549058,  0.07187153, -0.15476888]))
(4, array([ 0.05482454,  0.07170871, -0.1552876 ]), array([ 0.05482454,  0.07170871, -0.1552876 ]))
(5, array([ 0.05409734,  0.07087398, -0.15566802]), array([ 0.05409734,  0.07087398, -0.15566802]))
(6, array([ 0.05434531,  0.07088898, -0.1555977 ]), array([ 0.05434531,  0.07088898, -0.1555977 ]))
(7, array([ 0.05364753,  0.0710668 , -0.15597249]), array([ 0.05364753,  0.0710668 , -0.15597249]))
(8, array([ 0.05272185,  0.06983512, -0.15658945]), array([ 0.05272185,  0.06983512, -0.15658945]))
(9, array([ 0.05240372,  0.06990096, -0.15668072]), array([ 0.05240372,  0.06990096, -0.15668072]))
(10, array([ 0.05260256,  0.07007865, -0.15655038]), array([ 0.05260256,  0.07007865, -0.15655038]))
(11, array([ 0.05283494,  0.06954559, -0.15670497]), array([ 0.05283494,  0.06954559, -0.15670497]))
(12, array([ 0.05129853,  0.0688099 , -0.15748448]), array([ 0.05129853,  0.0688099 , -0.15748448]))
(13, array([ 0.05155432,  0.06870687, -0.15747322]), array([ 0.05155432,  0.06870687, -0.15747322]))
(14, array([ 0.05078468,  0.06877059, -0.15773038]), array([ 0.05078468,  0.06877059, -0.15773038]))
(15, array([ 0.05167715,  0.06875191, -0.15741381]), array([ 0.05167715,  0.06875191, -0.15741381]))
(16, array([ 0.04982998,  0.06775491, -0.15842821]), array([ 0.04982998,  0.06775491, -0.15842821]))
(17, array([ 0.05005975,  0.06780623, -0.15855382]), array([ 0.05005975,  0.06780623, -0.15855382]))
(18, array([ 0.04951736,  0.06668885, -0.1588855 ]), array([ 0.04951736,  0.06668885, -0.1588855 ]))
(19, array([ 0.04834765,  0.06671914, -0.15935666]), array([ 0.04834765,  0.06671914, -0.15935666]))
(20, array([ 0.04836663,  0.06708475, -0.15931717]), array([ 0.04836663,  0.06708475, -0.15931717]))
(21, array([ 0.04823803,  0.06704382, -0.15946114]), array([ 0.04823803,  0.06704382, -0.15946114]))
(22, array([ 0.04776003,  0.06695592, -0.15949747]), array([ 0.04776003,  0.06695592, -0.15949747]))
(23, array([ 0.04688946,  0.06565567, -0.16029986]), array([ 0.04688946,  0.06565567, -0.16029986]))
(24, array([ 0.04668475,  0.06578208, -0.16033908]), array([ 0.04668475,  0.06578208, -0.16033908]))
(25, array([ 0.04629593,  0.06592616, -0.16033893]), array([ 0.04629593,  0.06592616, -0.16033893]))
(26, array([ 0.04725401,  0.06578265, -0.16053736]), array([ 0.04725401,  0.06578265, -0.16053736]))
(27, array([ 0.04550389,  0.06457413, -0.16122003]), array([ 0.04550389,  0.06457413, -0.16122003]))
(28, array([ 0.04587654,  0.06439748, -0.16131404]), array([ 0.04587654,  0.06439748, -0.16131404]))
(29, array([ 0.04508166,  0.06434423, -0.16129352]), array([ 0.04508166,  0.06434423, -0.16129352]))
(30, array([ 0.04496012,  0.06451474, -0.16156194]), array([ 0.04496012,  0.06451474, -0.16156194]))
(31, array([ 0.04401047,  0.0628112 , -0.16204111]), array([ 0.04401047,  0.0628112 , -0.16204111]))
(32, array([ 0.04433198,  0.06349659, -0.1621374 ]), array([ 0.04433198,  0.06349659, -0.1621374 ]))
(33, array([ 0.04221865,  0.06281265, -0.16330306]), array([ 0.04221865,  0.06281265, -0.16330306]))
(34, array([ 0.04316905,  0.0625226 , -0.16301811]), array([ 0.04316905,  0.0625226 , -0.16301811]))
(35, array([ 0.04212367,  0.06183442, -0.16358682]), array([ 0.04212367,  0.06183442, -0.16358682]))
(36, array([ 0.04127766,  0.06100475, -0.16410296]), array([ 0.04127766,  0.06100475, -0.16410296]))
(37, array([ 0.04155533,  0.06130789, -0.16396801]), array([ 0.04155533,  0.06130789, -0.16396801]))
(38, array([ 0.04119026,  0.06163853, -0.16399203]), array([ 0.04119026,  0.06163853, -0.16399203]))
(39, array([ 0.03958757,  0.05997371, -0.16493995]), array([ 0.03958757,  0.05997371, -0.16493995]))
(40, array([ 0.03921032,  0.06059449, -0.16485504]), array([ 0.03921032,  0.06059449, -0.16485504]))
(41, array([ 0.03985992,  0.06009088, -0.16477236]), array([ 0.03985992,  0.06009088, -0.16477236]))
(42, array([ 0.03855863,  0.05908676, -0.1655825 ]), array([ 0.03855863,  0.05908676, -0.1655825 ]))
(43, array([ 0.06243615,  0.06727635, -0.15548273]), array([ 0.06243615,  0.06727635, -0.15548273]))
(44, array([ 0.06216709,  0.06715486, -0.15545028]), array([ 0.06216709,  0.06715486, -0.15545028]))
(45, array([ 0.06249376,  0.06548454, -0.1563743 ]), array([ 0.06249376,  0.06548454, -0.1563743 ]))
(46, array([ 0.06241135,  0.06574139, -0.15633931]), array([ 0.06241135,  0.06574139, -0.15633931]))
(47, array([ 0.06175539,  0.06516876, -0.15684473]), array([ 0.06175539,  0.06516876, -0.15684473]))
(48, array([ 0.06352475,  0.06370873, -0.15678821]), array([ 0.06352475,  0.06370873, -0.15678821]))
(49, array([ 0.06267801,  0.06365435, -0.15708918]), array([ 0.06267801,  0.06365435, -0.15708918]))
(50, array([ 0.06385778,  0.06392495, -0.15729084]), array([ 0.06385778,  0.06392495, -0.15729084]))
(51, array([ 0.0626746 ,  0.06436485, -0.15684642]), array([ 0.0626746 ,  0.06436485, -0.15684642]))
(52, array([ 0.06332324,  0.06177949, -0.15790091]), array([ 0.06332324,  0.06177949, -0.15790091]))
(53, array([ 0.06271328,  0.06199412, -0.15772554]), array([ 0.06271328,  0.06199412, -0.15772554]))
(54, array([ 0.06299884,  0.06087025, -0.15787455]), array([ 0.06299884,  0.06087025, -0.15787455]))
(55, array([ 0.06311937,  0.06197563, -0.15811956]), array([ 0.06311937,  0.06197563, -0.15811956]))
(56, array([ 0.06386933,  0.06007801, -0.15860218]), array([ 0.06386933,  0.06007801, -0.15860218]))
(57, array([ 0.06392443,  0.05969202, -0.15863322]), array([ 0.06392443,  0.05969202, -0.15863322]))
(58, array([ 0.06371093,  0.05972278, -0.15857952]), array([ 0.06371093,  0.05972278, -0.15857952]))
(59, array([ 0.06373087,  0.05951359, -0.15893621]), array([ 0.06373087,  0.05951359, -0.15893621]))
(60, array([ 0.06377733,  0.05816364, -0.1593859 ]), array([ 0.06377733,  0.05816364, -0.1593859 ]))
(61, array([ 0.06305496,  0.05755675, -0.15944071]), array([ 0.06305496,  0.05755675, -0.15944071]))
(62, array([ 0.06348766,  0.05795936, -0.15973972]), array([ 0.06348766,  0.05795936, -0.15973972]))
(63, array([ 0.06290812,  0.05822306, -0.15994984]), array([ 0.06290812,  0.05822306, -0.15994984]))
(64, array([ 0.06474595,  0.05653995, -0.15996629]), array([ 0.06474595,  0.05653995, -0.15996629]))
(65, array([ 0.06455595,  0.05633401, -0.16011149]), array([ 0.06455595,  0.05633401, -0.16011149]))
(66, array([ 0.06509907,  0.05631295, -0.16024367]), array([ 0.06509907,  0.05631295, -0.16024367]))
(67, array([ 0.06456991,  0.05687699, -0.16010814]), array([ 0.06456991,  0.05687699, -0.16010814]))
(68, array([ 0.06547704,  0.05463526, -0.1607345 ]), array([ 0.06547704,  0.05463526, -0.1607345 ]))
(69, array([ 0.06542737,  0.05474443, -0.16077845]), array([ 0.06542737,  0.05474443, -0.16077845]))
(70, array([ 0.06535227,  0.0548923 , -0.16088208]), array([ 0.06535227,  0.0548923 , -0.16088208]))
(71, array([ 0.06550946,  0.05482034, -0.16069894]), array([ 0.06550946,  0.05482034, -0.16069894]))
(72, array([ 0.06504867,  0.05289775, -0.16176559]), array([ 0.06504867,  0.05289775, -0.16176559]))
(73, array([ 0.06503424,  0.05302782, -0.16176224]), array([ 0.06503424,  0.05302782, -0.16176224]))
(74, array([ 0.06477347,  0.05319692, -0.16200464]), array([ 0.06477347,  0.05319692, -0.16200464]))
(75, array([ 0.06542033,  0.05272876, -0.16189646]), array([ 0.06542033,  0.05272876, -0.16189646]))
(76, array([ 0.06592044,  0.05135563, -0.16230054]), array([ 0.06592044,  0.05135563, -0.16230054]))
(77, array([ 0.06555638,  0.05093663, -0.16255855]), array([ 0.06555638,  0.05093663, -0.16255855]))
(78, array([ 0.06580593,  0.0516937 , -0.16220725]), array([ 0.06580593,  0.0516937 , -0.16220725]))
(79, array([ 0.06595452,  0.05153304, -0.16223016]), array([ 0.06595452,  0.05153304, -0.16223016]))
(80, array([ 0.06562307,  0.04936366, -0.16340469]), array([ 0.06562307,  0.04936366, -0.16340469]))
(81, array([ 0.06557639,  0.04919478, -0.16347228]), array([ 0.06557639,  0.04919478, -0.16347228]))
(82, array([ 0.06510778,  0.04994567, -0.16344158]), array([ 0.06510778,  0.04994567, -0.16344158]))
(83, array([ 0.06480979,  0.04933267, -0.16368821]), array([ 0.06480979,  0.04933267, -0.16368821]))
(84, array([ 0.06580372,  0.0477551 , -0.16420088]), array([ 0.06580372,  0.0477551 , -0.16420088]))
(85, array([ 0.06589145,  0.04804833, -0.16408037]), array([ 0.06589145,  0.04804833, -0.16408037]))
(86, array([ 0.06524878,  0.04735553, -0.16408128]), array([ 0.06524878,  0.04735553, -0.16408128]))
(87, array([ 0.06559916,  0.04830078, -0.16438751]), array([ 0.06559916,  0.04830078, -0.16438751]))
(88, array([ 0.0660409 ,  0.04599488, -0.16510083]), array([ 0.0660409 ,  0.04599488, -0.16510083]))
(89, array([ 0.06576239,  0.04533709, -0.16522187]), array([ 0.06576239,  0.04533709, -0.16522187]))
(90, array([ 0.06547732,  0.04536588, -0.16529452]), array([ 0.06547732,  0.04536588, -0.16529452]))
(91, array([ 0.06612368,  0.04611345, -0.16508167]), array([ 0.06612368,  0.04611345, -0.16508167]))
(92, array([ 0.06649294,  0.04421062, -0.16590101]), array([ 0.06649294,  0.04421062, -0.16590101]))
(93, array([ 0.06666469,  0.04464251, -0.165979  ]), array([ 0.06666469,  0.04464251, -0.165979  ]))
(94, array([ 0.06604199,  0.04504272, -0.16588968]), array([ 0.06604199,  0.04504272, -0.16588968]))
(95, array([ 0.0658154 ,  0.04407665, -0.16576965]), array([ 0.0658154 ,  0.04407665, -0.16576965]))
(96, array([ 0.06693776,  0.04248018, -0.16670807]), array([ 0.06693776,  0.04248018, -0.16670807]))
(97, array([ 0.06708985,  0.04271666, -0.16688153]), array([ 0.06708985,  0.04271666, -0.16688153]))
(98, array([ 0.06645648,  0.04177994, -0.16668605]), array([ 0.06645648,  0.04177994, -0.16668605]))
(99, array([ 0.06653345,  0.04217967, -0.16719629]), array([ 0.06653345,  0.04217967, -0.16719629]))
(100, array([ 0.06758388,  0.04078359, -0.16742972]), array([ 0.06758388,  0.04078359, -0.16742972]))
(101, array([ 0.06734204,  0.04109197, -0.16738592]), array([ 0.06734204,  0.04109197, -0.16738592]))
(102, array([ 0.0677495 ,  0.04073913, -0.16728843]), array([ 0.0677495 ,  0.04073913, -0.16728843]))
(103, array([ 0.06745119,  0.04079973, -0.16766654]), array([ 0.06745119,  0.04079973, -0.16766654]))
(104, array([ 0.06749752,  0.03881276, -0.16845183]), array([ 0.06749752,  0.03881276, -0.16845183]))
(105, array([ 0.06707757,  0.03958324, -0.16842034]), array([ 0.06707757,  0.03958324, -0.16842034]))
(106, array([ 0.06774393,  0.03907371, -0.16830283]), array([ 0.06774393,  0.03907371, -0.16830283]))
(107, array([ 0.0678076 ,  0.03921899, -0.16824847]), array([ 0.0678076 ,  0.03921899, -0.16824847]))
pixel pts in left/right camera:
(0, (803, 753), (722, 757))
(1, (903, 742), (822, 746))
(2, (878, 707), (797, 713))
(3, (888, 700), (808, 705))
(4, (889, 703), (809, 707))
(5, (906, 690), (825, 694))
(6, (898, 687), (817, 691))
(7, (911, 692), (830, 696))
(8, (925, 680), (845, 683))
(9, (925, 680), (844, 683))
(10, (926, 682), (845, 685))
(11, (925, 681), (845, 686))
(12, (944, 669), (865, 674))
(13, (944, 671), (863, 674))
(14, (983, 711), (903, 715))
(15, (908, 668), (828, 671))
(16, (964, 659), (884, 663))
(17, (908, 677), (829, 681))
(18, (940, 686), (861, 690))
(19, (983, 649), (904, 653))
(20, (950, 682), (871, 685))
(21, (943, 659), (864, 663))
(22, (952, 652), (874, 657))
(23, (1001, 638), (922, 642))
(24, (1000, 640), (922, 644))
(25, (1015, 660), (937, 664))
(26, (926, 657), (847, 661))
(27, (1022, 630), (942, 632))
(28, (962, 627), (883, 630))
(29, (1058, 664), (978, 665))
(30, (1014, 627), (939, 632))
(31, (1030, 682), (952, 681))
(32, (987, 626), (912, 631))
(33, (1066, 676), (987, 677))
(34, (1018, 600), (939, 603))
(35, (1037, 613), (962, 618))
(36, (1074, 607), (995, 611))
(37, (1075, 606), (995, 608))
(38, (1064, 595), (986, 603))
(39, (1089, 591), (1011, 599))
(40, (1096, 599), (1016, 601))
(41, (1097, 598), (1018, 601))
(42, (1097, 575), (1018, 578))
(43, (805, 633), (724, 637))
(44, (786, 652), (705, 657))
(45, (801, 610), (720, 615))
(46, (804, 609), (723, 612))
(47, (814, 611), (734, 615))
(48, (802, 586), (722, 591))
(49, (829, 596), (748, 600))
(50, (724, 615), (644, 620))
(51, (784, 570), (705, 577))
(52, (797, 563), (718, 569))
(53, (778, 556), (698, 563))
(54, (809, 601), (728, 604))
(55, (798, 569), (720, 575))
(56, (796, 540), (716, 546))
(57, (790, 518), (712, 523))
(58, (819, 562), (741, 568))
(59, (805, 532), (726, 538))
(60, (797, 518), (718, 523))
(61, (788, 531), (710, 536))
(62, (751, 569), (672, 575))
(63, (832, 527), (751, 531))
(64, (797, 496), (718, 502))
(65, (801, 496), (722, 503))
(66, (735, 473), (654, 477))
(67, (809, 560), (728, 562))
(68, (795, 474), (715, 478))
(69, (764, 494), (685, 498))
(70, (806, 477), (727, 482))
(71, (770, 488), (691, 493))
(72, (791, 453), (712, 459))
(73, (800, 458), (720, 461))
(74, (818, 518), (741, 525))
(75, (806, 463), (726, 466))
(76, (793, 435), (714, 440))
(77, (799, 438), (720, 443))
(78, (786, 437), (709, 444))
(79, (767, 447), (688, 453))
(80, (790, 412), (711, 418))
(81, (801, 417), (723, 423))
(82, (799, 416), (721, 421))
(83, (797, 413), (720, 421))
(84, (790, 394), (712, 399))
(85, (791, 395), (712, 400))
(86, (781, 451), (703, 456))
(87, (766, 387), (688, 392))
(88, (787, 374), (710, 380))
(89, (797, 392), (719, 396))
(90, (796, 390), (717, 395))
(91, (761, 354), (684, 358))
(92, (785, 354), (708, 360))
(93, (734, 350), (656, 356))
(94, (753, 328), (677, 335))
(95, (727, 382), (650, 388))
(96, (783, 335), (706, 340))
(97, (733, 350), (656, 356))
(98, (758, 388), (681, 393))
(99, (796, 340), (720, 345))
(100, (785, 315), (709, 321))
(101, (784, 309), (708, 316))
(102, (758, 306), (682, 313))
(103, (790, 322), (715, 328))
(104, (784, 294), (709, 300))
(105, (796, 316), (721, 322))
(106, (796, 303), (720, 307))
(107, (793, 299), (718, 305))
camera points:
(0, array([-0.02389065,  0.01168349,  0.16328078]))
(1, array([-0.01627514,  0.01084578,  0.16328078]))
(2, array([-0.01815144,  0.00816795,  0.16303309]))
(3, array([-0.01762229,  0.0077372 ,  0.16520091]))
(4, array([-0.01755754,  0.00797394,  0.16531673]))
(5, array([-0.01604668,  0.00688572,  0.16328078]))
(6, array([-0.01665592,  0.00665725,  0.16328078]))
(7, array([-0.0156659 ,  0.00703803,  0.16328078]))
(8, array([-0.01478984,  0.00620392,  0.16540699]))
(9, array([-0.01460751,  0.00612743,  0.16336774]))
(10, array([-0.01453131,  0.00627982,  0.16336774]))
(11, array([-0.01477142,  0.00627324,  0.16520091]))
(12, array([-0.01347524,  0.00541606,  0.16728377]))
(13, array([-0.01315979,  0.00544167,  0.16336774]))
(14, array([-0.0103097 ,  0.00859077,  0.16531673]))
(15, array([-0.01610134,  0.00527815,  0.16540699]))
(16, array([-0.01177469,  0.00458133,  0.16531673]))
(17, array([-0.01629574,  0.00604458,  0.16740403]))
(18, array([-0.01379724,  0.00674729,  0.16740403]))
(19, array([-0.01043987,  0.00385839,  0.16740403]))
(20, array([-0.01302374,  0.00643858,  0.16749775]))
(21, array([-0.013563  ,  0.00463918,  0.16740403]))
(22, array([-0.01301515,  0.00414191,  0.16941971]))
(23, array([-0.00903447,  0.00299953,  0.16740403]))
(24, array([-0.00922907,  0.00319604,  0.16954464]))
(25, array([-0.00804292,  0.00477757,  0.16954464]))
(26, array([-0.01489033,  0.00448302,  0.16740403]))
(27, array([-0.00730946,  0.00234749,  0.16547155]))
(28, array([-0.01208628,  0.00214187,  0.16749775]))
(29, array([-0.00453216,  0.00497267,  0.16551032]))
(30, array([-0.00843924,  0.00225273,  0.17616708]))
(31, array([-0.00686522,  0.00652529,  0.16975349]))
(32, array([-0.01065771,  0.00217057,  0.17616708]))
(33, array([-0.00396414,  0.00597367,  0.16760505]))
(34, array([-0.00771145,  0.00003258,  0.16749775]))
(35, array([-0.00654944,  0.00110242,  0.17616708]))
(36, array([-0.00333476,  0.00057911,  0.16740403]))
(37, array([-0.00321909,  0.00049525,  0.16547155]))
(38, array([-0.00415186, -0.00036099,  0.16888149]))
(39, array([-0.00218268, -0.00067605,  0.16888149]))
(40, array([-0.00159837, -0.00004499,  0.16547155]))
(41, array([-0.00153982, -0.00012366,  0.16749775]))
(42, array([-0.00153982, -0.00192047,  0.16749775]))
(43, array([-0.02373834,  0.00254488,  0.16328078]))
(44, array([-0.02516807,  0.0039891 ,  0.16316918]))
(45, array([-0.02402653,  0.00079277,  0.16316918]))
(46, array([-0.02382718,  0.00071754,  0.16336774]))
(47, array([-0.02334039,  0.00088031,  0.16531673]))
(48, array([-0.02424865, -0.00104657,  0.16520091]))
(49, array([-0.02191062, -0.00027286,  0.16328078]))
(50, array([-0.03025859,  0.00118789,  0.16520091]))
(51, array([-0.0259092 , -0.00230372,  0.16696432]))
(52, array([-0.02492262, -0.00285178,  0.16713713]))
(53, array([-0.02604925, -0.00335184,  0.16489322]))
(54, array([-0.0234462 ,  0.00010797,  0.16336774]))
(55, array([-0.02516132, -0.00241444,  0.16926738]))
(56, array([-0.02468982, -0.00458698,  0.16505967]))
(57, array([-0.02581611, -0.00644655,  0.16941971]))
(58, array([-0.02350343, -0.00296707,  0.16926738]))
(59, array([-0.02429899, -0.00526834,  0.16713713]))
(60, array([-0.02494448, -0.00636527,  0.16728377]))
(61, array([-0.02597415, -0.00541931,  0.16941971]))
(62, array([-0.02850849, -0.00238405,  0.16713713]))
(63, array([-0.02168215, -0.00552756,  0.16328078]))
(64, array([-0.02492262, -0.00807467,  0.16713713]))
(65, array([-0.02458536, -0.00806632,  0.16696432]))
(66, array([-0.02906919, -0.00963993,  0.16328078]))
(67, array([-0.02345513, -0.0030172 ,  0.16342994]))
(68, array([-0.02480538, -0.00968303,  0.16531673]))
(69, array([-0.027539  , -0.00824372,  0.16740403]))
(70, array([-0.02424228, -0.00956418,  0.16728377]))
(71, array([-0.02705108, -0.00870593,  0.16728377]))
(72, array([-0.02539034, -0.01142668,  0.16713713]))
(73, array([-0.02443319, -0.01092266,  0.16540699]))
(74, array([-0.02386082, -0.0065168 ,  0.17126595]))
(75, array([-0.02397031, -0.01053693,  0.16540699]))
(76, array([-0.02525657, -0.01284111,  0.16728377]))
(77, array([-0.02478844, -0.01260704,  0.16728377]))
(78, array([-0.02641696, -0.01298703,  0.17126595]))
(79, array([-0.02726123, -0.0118944 ,  0.16713713]))
(80, array([-0.02546829, -0.01462278,  0.16713713]))
(81, array([-0.02492448, -0.01441442,  0.16926738]))
(82, array([-0.02510495, -0.01450641,  0.16941971]))
(83, array([-0.02550631, -0.01488547,  0.17105149]))
(84, array([-0.02581611, -0.01624482,  0.16941971]))
(85, array([-0.02541262, -0.01596199,  0.16728377]))
(86, array([-0.02652728, -0.01174077,  0.16941971]))
(87, array([-0.02771255, -0.01679794,  0.16941971]))
(88, array([-0.02636576, -0.01803906,  0.17145248]))
(89, array([-0.02528161, -0.01641495,  0.16954464]))
(90, array([-0.02502251, -0.0163521 ,  0.16728377]))
(91, array([-0.0284927 , -0.01967139,  0.17174063]))
(92, array([-0.0265257 , -0.01963838,  0.17145248]))
(93, array([-0.03021395, -0.01970389,  0.16926738]))
(94, array([-0.02943206, -0.02197694,  0.17350062]))
(95, array([-0.03116375, -0.01739933,  0.17145248]))
(96, array([-0.02671027, -0.02117728,  0.17161078]))
(97, array([-0.03068395, -0.01995825,  0.17145248]))
(98, array([-0.02871128, -0.01693515,  0.17161078]))
(99, array([-0.02600606, -0.02104929,  0.17385915]))
(100, array([-0.02687257, -0.02305467,  0.17369455]))
(101, array([-0.02692349, -0.02351446,  0.17350062]))
(102, array([-0.02902745, -0.02375722,  0.17350062]))
(103, array([-0.02681818, -0.02278552,  0.17599584]))
(104, array([-0.02731069, -0.02508391,  0.17599584]))
(105, array([-0.02632567, -0.02327803,  0.17599584]))
(106, array([-0.02602626, -0.02406826,  0.17399418]))
(107, array([-0.02657193, -0.02467349,  0.17599584]))
(camera) points_3d.shape: (108, 3)
End of debug prints.


Begin debug prints for rigid transformation:
meanA:
[[-0.01997991]
 [-0.00499486]
 [ 0.1679129 ]]
meanB:
[[ 0.0582909 ]
 [ 0.05800184]
 [-0.16112743]]
Rotation R:
[[-0.99446221 -0.09943926  0.03401091]
 [-0.09600605  0.99122075  0.09090794]
 [-0.04275214  0.08713925 -0.99527836]]
and R^TR (should be identity):
[[ 1. -0. -0.]
 [-0.  1.  0.]
 [-0.  0.  1.]]
translation t:
[[ 0.03221407]
 [ 0.04577004]
 [ 0.0055737 ]]
RB_matrix:
[[-0.99446221 -0.09943926  0.03401091  0.03221407]
 [-0.09600605  0.99122075  0.09090794  0.04577004]
 [-0.04275214  0.08713925 -0.99527836  0.0055737 ]]

Camera points (input), A.T:
[[-0.02389065  0.01168349  0.16328078]
 [-0.01627514  0.01084578  0.16328078]
 [-0.01815144  0.00816795  0.16303309]
 [-0.01762229  0.0077372   0.16520091]
 [-0.01755754  0.00797394  0.16531673]
 [-0.01604668  0.00688572  0.16328078]
 [-0.01665592  0.00665725  0.16328078]
 [-0.0156659   0.00703803  0.16328078]
 [-0.01478984  0.00620392  0.16540699]
 [-0.01460751  0.00612743  0.16336774]
 [-0.01453131  0.00627982  0.16336774]
 [-0.01477142  0.00627324  0.16520091]
 [-0.01347524  0.00541606  0.16728377]
 [-0.01315979  0.00544167  0.16336774]
 [-0.0103097   0.00859077  0.16531673]
 [-0.01610134  0.00527815  0.16540699]
 [-0.01177469  0.00458133  0.16531673]
 [-0.01629574  0.00604458  0.16740403]
 [-0.01379724  0.00674729  0.16740403]
 [-0.01043987  0.00385839  0.16740403]
 [-0.01302374  0.00643858  0.16749775]
 [-0.013563    0.00463918  0.16740403]
 [-0.01301515  0.00414191  0.16941971]
 [-0.00903447  0.00299953  0.16740403]
 [-0.00922907  0.00319604  0.16954464]
 [-0.00804292  0.00477757  0.16954464]
 [-0.01489033  0.00448302  0.16740403]
 [-0.00730946  0.00234749  0.16547155]
 [-0.01208628  0.00214187  0.16749775]
 [-0.00453216  0.00497267  0.16551032]
 [-0.00843924  0.00225273  0.17616708]
 [-0.00686522  0.00652529  0.16975349]
 [-0.01065771  0.00217057  0.17616708]
 [-0.00396414  0.00597367  0.16760505]
 [-0.00771145  0.00003258  0.16749775]
 [-0.00654944  0.00110242  0.17616708]
 [-0.00333476  0.00057911  0.16740403]
 [-0.00321909  0.00049525  0.16547155]
 [-0.00415186 -0.00036099  0.16888149]
 [-0.00218268 -0.00067605  0.16888149]
 [-0.00159837 -0.00004499  0.16547155]
 [-0.00153982 -0.00012366  0.16749775]
 [-0.00153982 -0.00192047  0.16749775]
 [-0.02373834  0.00254488  0.16328078]
 [-0.02516807  0.0039891   0.16316918]
 [-0.02402653  0.00079277  0.16316918]
 [-0.02382718  0.00071754  0.16336774]
 [-0.02334039  0.00088031  0.16531673]
 [-0.02424865 -0.00104657  0.16520091]
 [-0.02191062 -0.00027286  0.16328078]
 [-0.03025859  0.00118789  0.16520091]
 [-0.0259092  -0.00230372  0.16696432]
 [-0.02492262 -0.00285178  0.16713713]
 [-0.02604925 -0.00335184  0.16489322]
 [-0.0234462   0.00010797  0.16336774]
 [-0.02516132 -0.00241444  0.16926738]
 [-0.02468982 -0.00458698  0.16505967]
 [-0.02581611 -0.00644655  0.16941971]
 [-0.02350343 -0.00296707  0.16926738]
 [-0.02429899 -0.00526834  0.16713713]
 [-0.02494448 -0.00636527  0.16728377]
 [-0.02597415 -0.00541931  0.16941971]
 [-0.02850849 -0.00238405  0.16713713]
 [-0.02168215 -0.00552756  0.16328078]
 [-0.02492262 -0.00807467  0.16713713]
 [-0.02458536 -0.00806632  0.16696432]
 [-0.02906919 -0.00963993  0.16328078]
 [-0.02345513 -0.0030172   0.16342994]
 [-0.02480538 -0.00968303  0.16531673]
 [-0.027539   -0.00824372  0.16740403]
 [-0.02424228 -0.00956418  0.16728377]
 [-0.02705108 -0.00870593  0.16728377]
 [-0.02539034 -0.01142668  0.16713713]
 [-0.02443319 -0.01092266  0.16540699]
 [-0.02386082 -0.0065168   0.17126595]
 [-0.02397031 -0.01053693  0.16540699]
 [-0.02525657 -0.01284111  0.16728377]
 [-0.02478844 -0.01260704  0.16728377]
 [-0.02641696 -0.01298703  0.17126595]
 [-0.02726123 -0.0118944   0.16713713]
 [-0.02546829 -0.01462278  0.16713713]
 [-0.02492448 -0.01441442  0.16926738]
 [-0.02510495 -0.01450641  0.16941971]
 [-0.02550631 -0.01488547  0.17105149]
 [-0.02581611 -0.01624482  0.16941971]
 [-0.02541262 -0.01596199  0.16728377]
 [-0.02652728 -0.01174077  0.16941971]
 [-0.02771255 -0.01679794  0.16941971]
 [-0.02636576 -0.01803906  0.17145248]
 [-0.02528161 -0.01641495  0.16954464]
 [-0.02502251 -0.0163521   0.16728377]
 [-0.0284927  -0.01967139  0.17174063]
 [-0.0265257  -0.01963838  0.17145248]
 [-0.03021395 -0.01970389  0.16926738]
 [-0.02943206 -0.02197694  0.17350062]
 [-0.03116375 -0.01739933  0.17145248]
 [-0.02671027 -0.02117728  0.17161078]
 [-0.03068395 -0.01995825  0.17145248]
 [-0.02871128 -0.01693515  0.17161078]
 [-0.02600606 -0.02104929  0.17385915]
 [-0.02687257 -0.02305467  0.17369455]
 [-0.02692349 -0.02351446  0.17350062]
 [-0.02902745 -0.02375722  0.17350062]
 [-0.02681818 -0.02278552  0.17599584]
 [-0.02731069 -0.02508391  0.17599584]
 [-0.02632567 -0.02327803  0.17599584]
 [-0.02602626 -0.02406826  0.17399418]
 [-0.02657193 -0.02467349  0.17599584]]
Robot points (target), B.T:
[[ 0.05847758  0.07378694 -0.15324037]
 [ 0.05627323  0.07286323 -0.15419178]
 [ 0.05640511  0.0726599  -0.15440034]
 [ 0.05549058  0.07187153 -0.15476888]
 [ 0.05482454  0.07170871 -0.1552876 ]
 [ 0.05409734  0.07087398 -0.15566802]
 [ 0.05434531  0.07088898 -0.1555977 ]
 [ 0.05364753  0.0710668  -0.15597249]
 [ 0.05272185  0.06983512 -0.15658945]
 [ 0.05240372  0.06990096 -0.15668072]
 [ 0.05260256  0.07007865 -0.15655038]
 [ 0.05283494  0.06954559 -0.15670497]
 [ 0.05129853  0.0688099  -0.15748448]
 [ 0.05155432  0.06870687 -0.15747322]
 [ 0.05078468  0.06877059 -0.15773038]
 [ 0.05167715  0.06875191 -0.15741381]
 [ 0.04982998  0.06775491 -0.15842821]
 [ 0.05005975  0.06780623 -0.15855382]
 [ 0.04951736  0.06668885 -0.1588855 ]
 [ 0.04834765  0.06671914 -0.15935666]
 [ 0.04836663  0.06708475 -0.15931717]
 [ 0.04823803  0.06704382 -0.15946114]
 [ 0.04776003  0.06695592 -0.15949747]
 [ 0.04688946  0.06565567 -0.16029986]
 [ 0.04668475  0.06578208 -0.16033908]
 [ 0.04629593  0.06592616 -0.16033893]
 [ 0.04725401  0.06578265 -0.16053736]
 [ 0.04550389  0.06457413 -0.16122003]
 [ 0.04587654  0.06439748 -0.16131404]
 [ 0.04508166  0.06434423 -0.16129352]
 [ 0.04496012  0.06451474 -0.16156194]
 [ 0.04401047  0.0628112  -0.16204111]
 [ 0.04433198  0.06349659 -0.1621374 ]
 [ 0.04221865  0.06281265 -0.16330306]
 [ 0.04316905  0.0625226  -0.16301811]
 [ 0.04212367  0.06183442 -0.16358682]
 [ 0.04127766  0.06100475 -0.16410296]
 [ 0.04155533  0.06130789 -0.16396801]
 [ 0.04119026  0.06163853 -0.16399203]
 [ 0.03958757  0.05997371 -0.16493995]
 [ 0.03921032  0.06059449 -0.16485504]
 [ 0.03985992  0.06009088 -0.16477236]
 [ 0.03855863  0.05908676 -0.1655825 ]
 [ 0.06243615  0.06727635 -0.15548273]
 [ 0.06216709  0.06715486 -0.15545028]
 [ 0.06249376  0.06548454 -0.1563743 ]
 [ 0.06241135  0.06574139 -0.15633931]
 [ 0.06175539  0.06516876 -0.15684473]
 [ 0.06352475  0.06370873 -0.15678821]
 [ 0.06267801  0.06365435 -0.15708918]
 [ 0.06385778  0.06392495 -0.15729084]
 [ 0.0626746   0.06436485 -0.15684642]
 [ 0.06332324  0.06177949 -0.15790091]
 [ 0.06271328  0.06199412 -0.15772554]
 [ 0.06299884  0.06087025 -0.15787455]
 [ 0.06311937  0.06197563 -0.15811956]
 [ 0.06386933  0.06007801 -0.15860218]
 [ 0.06392443  0.05969202 -0.15863322]
 [ 0.06371093  0.05972278 -0.15857952]
 [ 0.06373087  0.05951359 -0.15893621]
 [ 0.06377733  0.05816364 -0.1593859 ]
 [ 0.06305496  0.05755675 -0.15944071]
 [ 0.06348766  0.05795936 -0.15973972]
 [ 0.06290812  0.05822306 -0.15994984]
 [ 0.06474595  0.05653995 -0.15996629]
 [ 0.06455595  0.05633401 -0.16011149]
 [ 0.06509907  0.05631295 -0.16024367]
 [ 0.06456991  0.05687699 -0.16010814]
 [ 0.06547704  0.05463526 -0.1607345 ]
 [ 0.06542737  0.05474443 -0.16077845]
 [ 0.06535227  0.0548923  -0.16088208]
 [ 0.06550946  0.05482034 -0.16069894]
 [ 0.06504867  0.05289775 -0.16176559]
 [ 0.06503424  0.05302782 -0.16176224]
 [ 0.06477347  0.05319692 -0.16200464]
 [ 0.06542033  0.05272876 -0.16189646]
 [ 0.06592044  0.05135563 -0.16230054]
 [ 0.06555638  0.05093663 -0.16255855]
 [ 0.06580593  0.0516937  -0.16220725]
 [ 0.06595452  0.05153304 -0.16223016]
 [ 0.06562307  0.04936366 -0.16340469]
 [ 0.06557639  0.04919478 -0.16347228]
 [ 0.06510778  0.04994567 -0.16344158]
 [ 0.06480979  0.04933267 -0.16368821]
 [ 0.06580372  0.0477551  -0.16420088]
 [ 0.06589145  0.04804833 -0.16408037]
 [ 0.06524878  0.04735553 -0.16408128]
 [ 0.06559916  0.04830078 -0.16438751]
 [ 0.0660409   0.04599488 -0.16510083]
 [ 0.06576239  0.04533709 -0.16522187]
 [ 0.06547732  0.04536588 -0.16529452]
 [ 0.06612368  0.04611345 -0.16508167]
 [ 0.06649294  0.04421062 -0.16590101]
 [ 0.06666469  0.04464251 -0.165979  ]
 [ 0.06604199  0.04504272 -0.16588968]
 [ 0.0658154   0.04407665 -0.16576965]
 [ 0.06693776  0.04248018 -0.16670807]
 [ 0.06708985  0.04271666 -0.16688153]
 [ 0.06645648  0.04177994 -0.16668605]
 [ 0.06653345  0.04217967 -0.16719629]
 [ 0.06758388  0.04078359 -0.16742972]
 [ 0.06734204  0.04109197 -0.16738592]
 [ 0.0677495   0.04073913 -0.16728843]
 [ 0.06745119  0.04079973 -0.16766654]
 [ 0.06749752  0.03881276 -0.16845183]
 [ 0.06707757  0.03958324 -0.16842034]
 [ 0.06774393  0.03907371 -0.16830283]
 [ 0.0678076   0.03921899 -0.16824847]]
Predicted robot points:
[[ 0.06036395  0.07448812 -0.15489666]
 [ 0.05287392  0.07292663 -0.15529523]
 [ 0.05499769  0.07042992 -0.15520184]
 [ 0.05458803  0.07014923 -0.15741958]
 [ 0.05450404  0.0703882  -0.157517  ]
 [ 0.05304051  0.0689794  -0.15565008]
 [ 0.05366909  0.06881143 -0.15564394]
 [ 0.05264669  0.06909382 -0.15565309]
 [ 0.05193075  0.06837621 -0.15787939]
 [ 0.05168767  0.06809751 -0.15586423]
 [ 0.05159674  0.06824124 -0.15585421]
 [ 0.05189852  0.06842442 -0.15766903]
 [ 0.05076559  0.06763968 -0.15987216]
 [ 0.05031616  0.06727878 -0.15598588]
 [ 0.047235    0.07030379 -0.15777311]
 [ 0.05332703  0.06758449 -0.15790399]
 [ 0.04909057  0.06647019 -0.15805986]
 [ 0.05351207  0.0685444  -0.15981651]
 [ 0.05095752  0.06900106 -0.15986209]
 [ 0.04790602  0.0658152  -0.16025736]
 [ 0.0502222   0.06862932 -0.16001534]
 [ 0.05093422  0.06688897 -0.1600558 ]
 [ 0.0505074   0.06652671 -0.16212872]
 [ 0.0465938   0.06482896 -0.16039229]
 [ 0.04684059  0.06523702 -0.16249735]
 [ 0.04550374  0.06669079 -0.16241024]
 [ 0.05226972  0.06686162 -0.16001267]
 [ 0.04487746  0.06384135 -0.15859949]
 [ 0.04971719  0.06428034 -0.16042983]
 [ 0.04185581  0.06618037 -0.15852806]
 [ 0.04637418  0.0648282  -0.16920449]
 [ 0.04416587  0.06832908 -0.16251616]
 [ 0.04858852  0.06495974 -0.1691168 ]
 [ 0.04126265  0.06730847 -0.16054996]
 [ 0.04557633  0.06176955 -0.16080066]
 [ 0.04460923  0.06350655 -0.16938552]
 [ 0.04116634  0.06188258 -0.16084687]
 [ 0.04099393  0.06161267 -0.15893577]
 [ 0.04212266  0.06116349 -0.16236435]
 [ 0.04019571  0.06066214 -0.16247599]
 [ 0.03943591  0.06092157 -0.15905213]
 [ 0.03945442  0.06102217 -0.16107813]
 [ 0.03963309  0.05924114 -0.1612347 ]
 [ 0.06112122  0.06541512 -0.1556995 ]
 [ 0.06239563  0.06697377 -0.15540145]
 [ 0.06157825  0.06369591 -0.15572878]
 [ 0.06139424  0.06362025 -0.15594149]
 [ 0.06096025  0.06391204 -0.1578879 ]
 [ 0.06205114  0.06207874 -0.1579017 ]
 [ 0.05958382  0.06244664 -0.15602318]
 [ 0.06780561  0.06487058 -0.15745005]
 [ 0.06388748  0.06115237 -0.15969534]
 [ 0.06296674  0.06053011 -0.15995727]
 [ 0.06406055  0.05993861 -0.15771937]
 [ 0.06107598  0.06297946 -0.15601089]
 [ 0.06323309  0.06118018 -0.16202915]
 [ 0.06283713  0.05859894 -0.15805078]
 [ 0.06429038  0.05726019 -0.16250412]
 [ 0.06163933  0.06047324 -0.16214819]
 [ 0.06258687  0.05807489 -0.1601945 ]
 [ 0.06334285  0.05706289 -0.16040844]
 [ 0.06434539  0.05829358 -0.16240785]
 [ 0.06648624  0.06133799 -0.15976321]
 [ 0.05987914  0.05721614 -0.15649083]
 [ 0.0634861   0.05535307 -0.16041239]
 [ 0.063144    0.05531325 -0.16025409]
 [ 0.06763421  0.05384907 -0.15653337]
 [ 0.06139774  0.05988824 -0.15634474]
 [ 0.06346753  0.05358209 -0.15874575]
 [ 0.06611388  0.05546095 -0.16058091]
 [ 0.06296264  0.05382465 -0.16071721]
 [ 0.06567054  0.05494502 -0.16052234]
 [ 0.06428455  0.05207539 -0.16068448]
 [ 0.06322374  0.05232581 -0.15895951]
 [ 0.06241569  0.05717067 -0.16443136]
 [ 0.06272507  0.05266372 -0.15894569]
 [ 0.06429716  0.05067387 -0.1609594 ]
 [ 0.06380835  0.05086094 -0.16095902]
 [ 0.06560107  0.05100265 -0.16488589]
 [ 0.06619159  0.05179139 -0.16064525]
 [ 0.06467989  0.04891483 -0.16095965]
 [ 0.06419083  0.04926281 -0.16308495]
 [ 0.06438462  0.0492028  -0.16323685]
 [ 0.06487695  0.04901395 -0.1648768 ]
 [ 0.06526471  0.04754794 -0.16335793]
 [ 0.06476268  0.04759537 -0.16122468]
 [ 0.06552406  0.05208072 -0.16293505]
 [ 0.06720565  0.04718174 -0.16332505]
 [ 0.06605888  0.04600701 -0.16551395]
 [ 0.06475434  0.04733934 -0.16351995]
 [ 0.06441352  0.04717123 -0.16127535]
 [ 0.06834615  0.04461941 -0.16585206]
 [ 0.06637696  0.04443708 -0.16564648]
 [ 0.06997698  0.0445276  -0.16331973]
 [ 0.06956943  0.04258427 -0.16776448]
 [ 0.07076668  0.04710177 -0.16525308]
 [ 0.06671892  0.04294381 -0.16593025]
 [ 0.07054399  0.04451924 -0.16549658]
 [ 0.06828701  0.04734081 -0.16547504]
 [ 0.06608235  0.04320746 -0.16818695]
 [ 0.06713788  0.04128792 -0.16816083]
 [ 0.06722764  0.04081942 -0.1680057 ]
 [ 0.06934409  0.04078078 -0.16793691]
 [ 0.0671353   0.04175868 -0.17043013]
 [ 0.06785363  0.03952775 -0.17060935]
 [ 0.06669449  0.04122321 -0.1704941 ]
 [ 0.06640723  0.04022921 -0.16858355]
 [ 0.06707814  0.03986365 -0.17060517]]
Raw errors, B-B_pred:
[[-0.00188637 -0.00070118  0.00165629]
 [ 0.00339931 -0.00006341  0.00110346]
 [ 0.00140742  0.00222997  0.00080149]
 [ 0.00090255  0.0017223   0.0026507 ]
 [ 0.00032051  0.00132051  0.0022294 ]
 [ 0.00105684  0.00189458 -0.00001794]
 [ 0.00067622  0.00207755  0.00004624]
 [ 0.00100084  0.00197298 -0.00031941]
 [ 0.0007911   0.00145891  0.00128994]
 [ 0.00071606  0.00180345 -0.00081649]
 [ 0.00100582  0.00183741 -0.00069617]
 [ 0.00093642  0.00112117  0.00096406]
 [ 0.00053294  0.00117022  0.00238768]
 [ 0.00123817  0.00142809 -0.00148734]
 [ 0.00354968 -0.0015332   0.00004272]
 [-0.00164988  0.00116742  0.00049018]
 [ 0.00073941  0.00128471 -0.00036836]
 [-0.00345232 -0.00073816  0.00126269]
 [-0.00144016 -0.00231221  0.0009766 ]
 [ 0.00044163  0.00090394  0.0009007 ]
 [-0.00185557 -0.00154458  0.00069817]
 [-0.00269618  0.00015485  0.00059467]
 [-0.00274737  0.00042921  0.00263125]
 [ 0.00029566  0.00082672  0.00009243]
 [-0.00015584  0.00054506  0.00215827]
 [ 0.00079219 -0.00076463  0.00207132]
 [-0.00501571 -0.00107897 -0.00052469]
 [ 0.00062643  0.00073278 -0.00262053]
 [-0.00384065  0.00011715 -0.00088422]
 [ 0.00322585 -0.00183614 -0.00276546]
 [-0.00141405 -0.00031345  0.00764255]
 [-0.0001554  -0.00551788  0.00047504]
 [-0.00425655 -0.00146315  0.0069794 ]
 [ 0.00095601 -0.00449582 -0.00275309]
 [-0.00240729  0.00075305 -0.00221745]
 [-0.00248555 -0.00167213  0.00579869]
 [ 0.00011131 -0.00087783 -0.00325609]
 [ 0.00056141 -0.00030478 -0.00503224]
 [-0.0009324   0.00047503 -0.00162769]
 [-0.00060814 -0.00068843 -0.00246397]
 [-0.00022558 -0.00032708 -0.0058029 ]
 [ 0.0004055  -0.00093129 -0.00369423]
 [-0.00107446 -0.00015438 -0.0043478 ]
 [ 0.00131493  0.00186123  0.00021677]
 [-0.00022854  0.00018109 -0.00004883]
 [ 0.00091551  0.00178863 -0.00064552]
 [ 0.00101711  0.00212114 -0.00039782]
 [ 0.00079514  0.00125672  0.00104317]
 [ 0.00147361  0.00162999  0.00111349]
 [ 0.00309419  0.0012077  -0.001066  ]
 [-0.00394783 -0.00094563  0.00015921]
 [-0.00121288  0.00321248  0.00284892]
 [ 0.0003565   0.00124938  0.00205636]
 [-0.00134726  0.00205551 -0.00000617]
 [ 0.00192286 -0.00210922 -0.00186365]
 [-0.00011372  0.00079544  0.00390959]
 [ 0.0010322   0.00147908 -0.00055141]
 [-0.00036595  0.00243184  0.0038709 ]
 [ 0.0020716  -0.00075045  0.00356866]
 [ 0.00114401  0.0014387   0.00125829]
 [ 0.00043448  0.00110075  0.00102255]
 [-0.00129043 -0.00073683  0.00296714]
 [-0.00299859 -0.00337863  0.00002348]
 [ 0.00302898  0.00100692 -0.00345901]
 [ 0.00125984  0.00118688  0.0004461 ]
 [ 0.00141195  0.00102075  0.0001426 ]
 [-0.00253514  0.00246388 -0.0037103 ]
 [ 0.00317217 -0.00301125 -0.0037634 ]
 [ 0.00200951  0.00105318 -0.00198875]
 [-0.00068651 -0.00071653 -0.00019755]
 [ 0.00238963  0.00106765 -0.00016487]
 [-0.00016107 -0.00012468 -0.00017659]
 [ 0.00076412  0.00082236 -0.00108111]
 [ 0.0018105   0.00070201 -0.00280272]
 [ 0.00235778 -0.00397375  0.00242672]
 [ 0.00269526  0.00006504 -0.00295077]
 [ 0.00162327  0.00068176 -0.00134114]
 [ 0.00174803  0.00007568 -0.00159953]
 [ 0.00020486  0.00069105  0.00267864]
 [-0.00023708 -0.00025835 -0.0015849 ]
 [ 0.00094318  0.00044883 -0.00244503]
 [ 0.00138556 -0.00006804 -0.00038733]
 [ 0.00072316  0.00074287 -0.00020473]
 [-0.00006716  0.00031872  0.00118859]
 [ 0.00053901  0.00020716 -0.00084295]
 [ 0.00112876  0.00045296 -0.00285569]
 [-0.00027529 -0.00472518 -0.00114623]
 [-0.00160649  0.00111904 -0.00106245]
 [-0.00001797 -0.00001214  0.00041313]
 [ 0.00100804 -0.00200225 -0.00170191]
 [ 0.0010638  -0.00180535 -0.00401917]
 [-0.00222247  0.00149404  0.00077039]
 [ 0.00011598 -0.00022647 -0.00025453]
 [-0.00331229  0.0001149  -0.00265926]
 [-0.00352744  0.00245845  0.00187479]
 [-0.00495128 -0.00302512 -0.00051657]
 [ 0.00021884 -0.00046362 -0.00077783]
 [-0.00345415 -0.00180259 -0.00138495]
 [-0.00183053 -0.00556086 -0.00121101]
 [ 0.0004511  -0.00102778  0.00099066]
 [ 0.000446   -0.00050432  0.00073111]
 [ 0.0001144   0.00027255  0.00061979]
 [-0.00159459 -0.00004166  0.00064847]
 [ 0.00031589 -0.00095895  0.00276359]
 [-0.00035611 -0.00071499  0.00215753]
 [ 0.00038309 -0.00163997  0.00207376]
 [ 0.0013367  -0.0011555   0.00028072]
 [ 0.00072946 -0.00064466  0.0023567 ]]
Mean abs error per dim: [ 0.00141926  0.0012908   0.00171418]
Residual (L2) for each:
[ 0.00000679  0.00001278  0.0000076   0.00001081  0.00000682  0.00000471
  0.00000478  0.000005    0.00000442  0.00000443  0.00000487  0.00000306
  0.00000735  0.00000578  0.00001495  0.00000433  0.00000233  0.00001406
  0.00000837  0.00000182  0.00000632  0.00000765  0.00001466  0.00000078
  0.00000498  0.0000055   0.0000266   0.0000078   0.00001555  0.00002143
  0.00006051  0.0000307   0.00006897  0.00002871  0.00001128  0.0000426
  0.00001139  0.00002573  0.00000374  0.00000691  0.00003383  0.00001468
  0.00002008  0.00000524  0.00000009  0.00000445  0.00000569  0.0000033
  0.00000607  0.00001217  0.0000165   0.00001991  0.00000592  0.00000604
  0.00001162  0.00001593  0.00000356  0.00002103  0.00001759  0.00000496
  0.00000245  0.00001101  0.00002041  0.00002215  0.00000319  0.00000306
  0.00002626  0.00003329  0.0000091   0.00000102  0.00000688  0.00000007
  0.00000243  0.00001163  0.00002724  0.00001598  0.0000049   0.00000562
  0.00000769  0.00000263  0.00000707  0.00000207  0.00000112  0.00000152
  0.00000104  0.00000963  0.00002372  0.00000496  0.00000017  0.00000792
  0.00002054  0.00000777  0.00000013  0.00001806  0.000022    0.00003393
  0.00000087  0.0000171   0.00003574  0.00000224  0.00000099  0.00000047
  0.00000296  0.00000866  0.00000529  0.00000714  0.0000032   0.0000065 ]
loss on data: 1.1438364263e-05
End of debug prints for rigid transformation.


Begin debug prints for RFs:
X_train:
[[-0.02389065  0.01168349  0.16328078]
 [-0.01627514  0.01084578  0.16328078]
 [-0.01815144  0.00816795  0.16303309]
 [-0.01762229  0.0077372   0.16520091]
 [-0.01755754  0.00797394  0.16531673]
 [-0.01604668  0.00688572  0.16328078]
 [-0.01665592  0.00665725  0.16328078]
 [-0.0156659   0.00703803  0.16328078]
 [-0.01478984  0.00620392  0.16540699]
 [-0.01460751  0.00612743  0.16336774]
 [-0.01453131  0.00627982  0.16336774]
 [-0.01477142  0.00627324  0.16520091]
 [-0.01347524  0.00541606  0.16728377]
 [-0.01315979  0.00544167  0.16336774]
 [-0.0103097   0.00859077  0.16531673]
 [-0.01610134  0.00527815  0.16540699]
 [-0.01177469  0.00458133  0.16531673]
 [-0.01629574  0.00604458  0.16740403]
 [-0.01379724  0.00674729  0.16740403]
 [-0.01043987  0.00385839  0.16740403]
 [-0.01302374  0.00643858  0.16749775]
 [-0.013563    0.00463918  0.16740403]
 [-0.01301515  0.00414191  0.16941971]
 [-0.00903447  0.00299953  0.16740403]
 [-0.00922907  0.00319604  0.16954464]
 [-0.00804292  0.00477757  0.16954464]
 [-0.01489033  0.00448302  0.16740403]
 [-0.00730946  0.00234749  0.16547155]
 [-0.01208628  0.00214187  0.16749775]
 [-0.00453216  0.00497267  0.16551032]
 [-0.00843924  0.00225273  0.17616708]
 [-0.00686522  0.00652529  0.16975349]
 [-0.01065771  0.00217057  0.17616708]
 [-0.00396414  0.00597367  0.16760505]
 [-0.00771145  0.00003258  0.16749775]
 [-0.00654944  0.00110242  0.17616708]
 [-0.00333476  0.00057911  0.16740403]
 [-0.00321909  0.00049525  0.16547155]
 [-0.00415186 -0.00036099  0.16888149]
 [-0.00218268 -0.00067605  0.16888149]
 [-0.00159837 -0.00004499  0.16547155]
 [-0.00153982 -0.00012366  0.16749775]
 [-0.00153982 -0.00192047  0.16749775]
 [-0.02373834  0.00254488  0.16328078]
 [-0.02516807  0.0039891   0.16316918]
 [-0.02402653  0.00079277  0.16316918]
 [-0.02382718  0.00071754  0.16336774]
 [-0.02334039  0.00088031  0.16531673]
 [-0.02424865 -0.00104657  0.16520091]
 [-0.02191062 -0.00027286  0.16328078]
 [-0.03025859  0.00118789  0.16520091]
 [-0.0259092  -0.00230372  0.16696432]
 [-0.02492262 -0.00285178  0.16713713]
 [-0.02604925 -0.00335184  0.16489322]
 [-0.0234462   0.00010797  0.16336774]
 [-0.02516132 -0.00241444  0.16926738]
 [-0.02468982 -0.00458698  0.16505967]
 [-0.02581611 -0.00644655  0.16941971]
 [-0.02350343 -0.00296707  0.16926738]
 [-0.02429899 -0.00526834  0.16713713]
 [-0.02494448 -0.00636527  0.16728377]
 [-0.02597415 -0.00541931  0.16941971]
 [-0.02850849 -0.00238405  0.16713713]
 [-0.02168215 -0.00552756  0.16328078]
 [-0.02492262 -0.00807467  0.16713713]
 [-0.02458536 -0.00806632  0.16696432]
 [-0.02906919 -0.00963993  0.16328078]
 [-0.02345513 -0.0030172   0.16342994]
 [-0.02480538 -0.00968303  0.16531673]
 [-0.027539   -0.00824372  0.16740403]
 [-0.02424228 -0.00956418  0.16728377]
 [-0.02705108 -0.00870593  0.16728377]
 [-0.02539034 -0.01142668  0.16713713]
 [-0.02443319 -0.01092266  0.16540699]
 [-0.02386082 -0.0065168   0.17126595]
 [-0.02397031 -0.01053693  0.16540699]
 [-0.02525657 -0.01284111  0.16728377]
 [-0.02478844 -0.01260704  0.16728377]
 [-0.02641696 -0.01298703  0.17126595]
 [-0.02726123 -0.0118944   0.16713713]
 [-0.02546829 -0.01462278  0.16713713]
 [-0.02492448 -0.01441442  0.16926738]
 [-0.02510495 -0.01450641  0.16941971]
 [-0.02550631 -0.01488547  0.17105149]
 [-0.02581611 -0.01624482  0.16941971]
 [-0.02541262 -0.01596199  0.16728377]
 [-0.02652728 -0.01174077  0.16941971]
 [-0.02771255 -0.01679794  0.16941971]
 [-0.02636576 -0.01803906  0.17145248]
 [-0.02528161 -0.01641495  0.16954464]
 [-0.02502251 -0.0163521   0.16728377]
 [-0.0284927  -0.01967139  0.17174063]
 [-0.0265257  -0.01963838  0.17145248]
 [-0.03021395 -0.01970389  0.16926738]
 [-0.02943206 -0.02197694  0.17350062]
 [-0.03116375 -0.01739933  0.17145248]
 [-0.02671027 -0.02117728  0.17161078]
 [-0.03068395 -0.01995825  0.17145248]
 [-0.02871128 -0.01693515  0.17161078]
 [-0.02600606 -0.02104929  0.17385915]
 [-0.02687257 -0.02305467  0.17369455]
 [-0.02692349 -0.02351446  0.17350062]
 [-0.02902745 -0.02375722  0.17350062]
 [-0.02681818 -0.02278552  0.17599584]
 [-0.02731069 -0.02508391  0.17599584]
 [-0.02632567 -0.02327803  0.17599584]
 [-0.02602626 -0.02406826  0.17399418]
 [-0.02657193 -0.02467349  0.17599584]]
Y_train:
[[ 0.00188637  0.00070118 -0.00165629]
 [-0.00339931  0.00006341 -0.00110346]
 [-0.00140742 -0.00222997 -0.00080149]
 [-0.00090255 -0.0017223  -0.0026507 ]
 [-0.00032051 -0.00132051 -0.0022294 ]
 [-0.00105684 -0.00189458  0.00001794]
 [-0.00067622 -0.00207755 -0.00004624]
 [-0.00100084 -0.00197298  0.00031941]
 [-0.0007911  -0.00145891 -0.00128994]
 [-0.00071606 -0.00180345  0.00081649]
 [-0.00100582 -0.00183741  0.00069617]
 [-0.00093642 -0.00112117 -0.00096406]
 [-0.00053294 -0.00117022 -0.00238768]
 [-0.00123817 -0.00142809  0.00148734]
 [-0.00354968  0.0015332  -0.00004272]
 [ 0.00164988 -0.00116742 -0.00049018]
 [-0.00073941 -0.00128471  0.00036836]
 [ 0.00345232  0.00073816 -0.00126269]
 [ 0.00144016  0.00231221 -0.0009766 ]
 [-0.00044163 -0.00090394 -0.0009007 ]
 [ 0.00185557  0.00154458 -0.00069817]
 [ 0.00269618 -0.00015485 -0.00059467]
 [ 0.00274737 -0.00042921 -0.00263125]
 [-0.00029566 -0.00082672 -0.00009243]
 [ 0.00015584 -0.00054506 -0.00215827]
 [-0.00079219  0.00076463 -0.00207132]
 [ 0.00501571  0.00107897  0.00052469]
 [-0.00062643 -0.00073278  0.00262053]
 [ 0.00384065 -0.00011715  0.00088422]
 [-0.00322585  0.00183614  0.00276546]
 [ 0.00141405  0.00031345 -0.00764255]
 [ 0.0001554   0.00551788 -0.00047504]
 [ 0.00425655  0.00146315 -0.0069794 ]
 [-0.00095601  0.00449582  0.00275309]
 [ 0.00240729 -0.00075305  0.00221745]
 [ 0.00248555  0.00167213 -0.00579869]
 [-0.00011131  0.00087783  0.00325609]
 [-0.00056141  0.00030478  0.00503224]
 [ 0.0009324  -0.00047503  0.00162769]
 [ 0.00060814  0.00068843  0.00246397]
 [ 0.00022558  0.00032708  0.0058029 ]
 [-0.0004055   0.00093129  0.00369423]
 [ 0.00107446  0.00015438  0.0043478 ]
 [-0.00131493 -0.00186123 -0.00021677]
 [ 0.00022854 -0.00018109  0.00004883]
 [-0.00091551 -0.00178863  0.00064552]
 [-0.00101711 -0.00212114  0.00039782]
 [-0.00079514 -0.00125672 -0.00104317]
 [-0.00147361 -0.00162999 -0.00111349]
 [-0.00309419 -0.0012077   0.001066  ]
 [ 0.00394783  0.00094563 -0.00015921]
 [ 0.00121288 -0.00321248 -0.00284892]
 [-0.0003565  -0.00124938 -0.00205636]
 [ 0.00134726 -0.00205551  0.00000617]
 [-0.00192286  0.00210922  0.00186365]
 [ 0.00011372 -0.00079544 -0.00390959]
 [-0.0010322  -0.00147908  0.00055141]
 [ 0.00036595 -0.00243184 -0.0038709 ]
 [-0.0020716   0.00075045 -0.00356866]
 [-0.00114401 -0.0014387  -0.00125829]
 [-0.00043448 -0.00110075 -0.00102255]
 [ 0.00129043  0.00073683 -0.00296714]
 [ 0.00299859  0.00337863 -0.00002348]
 [-0.00302898 -0.00100692  0.00345901]
 [-0.00125984 -0.00118688 -0.0004461 ]
 [-0.00141195 -0.00102075 -0.0001426 ]
 [ 0.00253514 -0.00246388  0.0037103 ]
 [-0.00317217  0.00301125  0.0037634 ]
 [-0.00200951 -0.00105318  0.00198875]
 [ 0.00068651  0.00071653  0.00019755]
 [-0.00238963 -0.00106765  0.00016487]
 [ 0.00016107  0.00012468  0.00017659]
 [-0.00076412 -0.00082236  0.00108111]
 [-0.0018105  -0.00070201  0.00280272]
 [-0.00235778  0.00397375 -0.00242672]
 [-0.00269526 -0.00006504  0.00295077]
 [-0.00162327 -0.00068176  0.00134114]
 [-0.00174803 -0.00007568  0.00159953]
 [-0.00020486 -0.00069105 -0.00267864]
 [ 0.00023708  0.00025835  0.0015849 ]
 [-0.00094318 -0.00044883  0.00244503]
 [-0.00138556  0.00006804  0.00038733]
 [-0.00072316 -0.00074287  0.00020473]
 [ 0.00006716 -0.00031872 -0.00118859]
 [-0.00053901 -0.00020716  0.00084295]
 [-0.00112876 -0.00045296  0.00285569]
 [ 0.00027529  0.00472518  0.00114623]
 [ 0.00160649 -0.00111904  0.00106245]
 [ 0.00001797  0.00001214 -0.00041313]
 [-0.00100804  0.00200225  0.00170191]
 [-0.0010638   0.00180535  0.00401917]
 [ 0.00222247 -0.00149404 -0.00077039]
 [-0.00011598  0.00022647  0.00025453]
 [ 0.00331229 -0.0001149   0.00265926]
 [ 0.00352744 -0.00245845 -0.00187479]
 [ 0.00495128  0.00302512  0.00051657]
 [-0.00021884  0.00046362  0.00077783]
 [ 0.00345415  0.00180259  0.00138495]
 [ 0.00183053  0.00556086  0.00121101]
 [-0.0004511   0.00102778 -0.00099066]
 [-0.000446    0.00050432 -0.00073111]
 [-0.0001144  -0.00027255 -0.00061979]
 [ 0.00159459  0.00004166 -0.00064847]
 [-0.00031589  0.00095895 -0.00276359]
 [ 0.00035611  0.00071499 -0.00215753]
 [-0.00038309  0.00163997 -0.00207376]
 [-0.0013367   0.0011555  -0.00028072]
 [-0.00072946  0.00064466 -0.0023567 ]]
Y_pred:
[[ 0.00008466  0.00030339 -0.00132775]
 [-0.00195805  0.00000202 -0.00105888]
 [-0.00122057 -0.0018477  -0.00029522]
 [-0.00073348 -0.00147392 -0.00211727]
 [-0.00066966 -0.00137077 -0.00208749]
 [-0.00103334 -0.00193291  0.00016903]
 [-0.00103334 -0.00193291  0.00016903]
 [-0.00103181 -0.00193073  0.00017869]
 [-0.00048795 -0.0013117  -0.00132644]
 [-0.00099529 -0.00182444  0.00054192]
 [-0.00099923 -0.0018275   0.00054105]
 [-0.0007716  -0.00132517 -0.00118916]
 [-0.00029742 -0.00120665 -0.00158902]
 [-0.00101473 -0.00168327  0.00081018]
 [-0.002542    0.00052305 -0.000464  ]
 [ 0.00078657 -0.00122627 -0.00075651]
 [-0.00080915 -0.00099326  0.0000695 ]
 [ 0.00298811  0.00095276 -0.00107911]
 [ 0.00185728  0.00171815 -0.00090405]
 [ 0.0005061  -0.00058857 -0.00043972]
 [ 0.00179624  0.00161202 -0.00079624]
 [ 0.00299011  0.0001756  -0.00044292]
 [ 0.00176276 -0.00017509 -0.00243233]
 [ 0.00006814 -0.00076254 -0.00033099]
 [ 0.0001126  -0.00025219 -0.00233894]
 [-0.00024436  0.0011136  -0.00163718]
 [ 0.00395972  0.00075721  0.00001595]
 [-0.00084915 -0.0002955   0.00230939]
 [ 0.0027865  -0.00022998  0.00041865]
 [-0.002271    0.00133766  0.0026461 ]
 [ 0.00152526  0.00054873 -0.00658718]
 [ 0.0000301   0.00364649 -0.00050244]
 [ 0.00277232  0.00096094 -0.00637557]
 [-0.00073023  0.00293549  0.00233099]
 [ 0.00167169 -0.00058159  0.0015401 ]
 [ 0.00225291  0.0014064  -0.00487202]
 [ 0.00006031  0.00067478  0.00312184]
 [-0.00047748  0.0003437   0.00475631]
 [ 0.00056209  0.00016172  0.00166698]
 [ 0.00028895  0.00088709  0.00243061]
 [-0.00029823  0.00036736  0.00502977]
 [ 0.00011486  0.00071688  0.00351063]
 [ 0.00070221  0.0003796   0.00384643]
 [-0.00101157 -0.00182527  0.0001518 ]
 [-0.00020056 -0.00082813  0.00007749]
 [-0.0010719  -0.00167301  0.00039061]
 [-0.00112801 -0.00146884  0.00045088]
 [-0.00092756 -0.00112575 -0.00075824]
 [-0.00112908 -0.00129346 -0.00091338]
 [-0.0024749  -0.00073098  0.00111332]
 [ 0.00311088  0.00068711 -0.00016848]
 [ 0.00052918 -0.00221831 -0.00191246]
 [-0.00070428 -0.00115572 -0.00139512]
 [ 0.00046751 -0.00151593 -0.00007809]
 [-0.00193359  0.00088762  0.00152874]
 [-0.00025504 -0.00041115 -0.00339827]
 [-0.00101    -0.00144404  0.00001643]
 [ 0.0002726  -0.00092789 -0.00308483]
 [-0.0015442   0.00048579 -0.0033076 ]
 [-0.00110495 -0.00126871 -0.00093072]
 [-0.00089933 -0.00114924 -0.00082105]
 [ 0.00098665  0.00038148 -0.00285551]
 [ 0.00233377  0.00156306 -0.00017838]
 [-0.00280087 -0.00085353  0.00271951]
 [-0.00110751 -0.00107635 -0.00040751]
 [-0.00131235 -0.00111783 -0.000235  ]
 [ 0.0019344  -0.00094807  0.00261831]
 [-0.00242692  0.00119248  0.00239305]
 [-0.00175787 -0.00090481  0.00177253]
 [ 0.00111789  0.00037548  0.00020434]
 [-0.00193743 -0.0009135   0.00043888]
 [ 0.00016662 -0.00026161  0.00006566]
 [-0.00092872 -0.00066106  0.00148523]
 [-0.00191965 -0.00073544  0.00231631]
 [-0.00142967  0.00184782 -0.00275308]
 [-0.00239733 -0.000371    0.00270686]
 [-0.00142879 -0.00052457  0.00151374]
 [-0.00164968 -0.00049042  0.00155425]
 [-0.00022156  0.00003827 -0.00180672]
 [-0.00027299 -0.00012104  0.0015913 ]
 [-0.00100033 -0.00032414  0.00258055]
 [-0.00094977 -0.00019768  0.00026941]
 [-0.00082104 -0.00017351  0.00039184]
 [-0.00021723 -0.00015516 -0.00062126]
 [-0.00047992 -0.00002861  0.00023163]
 [-0.00106416 -0.00011906  0.00268616]
 [ 0.00008499  0.00288018  0.00032377]
 [ 0.00116596 -0.00062774  0.00072628]
 [-0.00012073  0.00012144 -0.00010117]
 [-0.00084309  0.00100297  0.00093186]
 [-0.00122836  0.00086963  0.00306195]
 [ 0.00212676  0.0000715  -0.00022648]
 [-0.00013611  0.00019746  0.00008572]
 [ 0.0033306   0.00036136  0.00185181]
 [ 0.00283002 -0.00140397 -0.00119808]
 [ 0.00409077  0.00255142  0.00083604]
 [-0.00013667  0.0002342   0.00019188]
 [ 0.00348913  0.00156151  0.0010486 ]
 [ 0.00192918  0.00275623  0.00059056]
 [-0.00055624  0.00082943 -0.00067349]
 [-0.00042097  0.00055653 -0.00080853]
 [-0.00024977  0.0001438  -0.00061622]
 [ 0.00206237 -0.00027129 -0.00076542]
 [-0.00026563  0.00095216 -0.00233727]
 [ 0.00005604  0.00071923 -0.00231733]
 [-0.00033949  0.00116031 -0.0022227 ]
 [-0.00091865  0.0009789  -0.00054616]
 [-0.00027176  0.00093515 -0.00242856]]
abs_mean_err: [ 0.00035956  0.00043849  0.00034793]
End debug prints for RFs


What if we COMBINE the rigid body with the RF?:
Predictions, B_pred-errors transposed (Rigid+RF):
[[ 0.06027929  0.07418473 -0.1535689 ]
 [ 0.05483197  0.07292461 -0.15423635]
 [ 0.05621825  0.07227763 -0.15490662]
 [ 0.05532151  0.07162315 -0.15530231]
 [ 0.0551737   0.07175897 -0.15542951]
 [ 0.05407385  0.07091231 -0.15581911]
 [ 0.05470243  0.07074434 -0.15581297]
 [ 0.0536785   0.07102455 -0.15583177]
 [ 0.0524187   0.06968791 -0.15655295]
 [ 0.05268296  0.06992195 -0.15640615]
 [ 0.05259596  0.07006874 -0.15639526]
 [ 0.05267012  0.06974958 -0.15647987]
 [ 0.05106301  0.06884633 -0.15828314]
 [ 0.05133089  0.06896204 -0.15679606]
 [ 0.049777    0.06978074 -0.1573091 ]
 [ 0.05254046  0.06881076 -0.15714748]
 [ 0.04989972  0.06746346 -0.15812936]
 [ 0.05052395  0.06759164 -0.1587374 ]
 [ 0.04910024  0.06728291 -0.15895804]
 [ 0.04739993  0.06640378 -0.15981764]
 [ 0.04842595  0.0670173  -0.1592191 ]
 [ 0.0479441   0.06671337 -0.15961289]
 [ 0.04874463  0.0667018  -0.15969639]
 [ 0.04652566  0.0655915  -0.16006129]
 [ 0.04672799  0.06548921 -0.1601584 ]
 [ 0.0457481   0.06557719 -0.16077307]
 [ 0.04831     0.06610441 -0.16002862]
 [ 0.04572661  0.06413685 -0.16090889]
 [ 0.04693069  0.06451032 -0.16084847]
 [ 0.04412681  0.06484271 -0.16117416]
 [ 0.04484891  0.06427947 -0.16261731]
 [ 0.04413577  0.06468259 -0.16201372]
 [ 0.0458162   0.0639988  -0.16274124]
 [ 0.04199287  0.06437299 -0.16288095]
 [ 0.04390464  0.06235115 -0.16234076]
 [ 0.04235631  0.06210014 -0.1645135 ]
 [ 0.04110603  0.06120779 -0.16396871]
 [ 0.0414714   0.06126896 -0.16369208]
 [ 0.04156057  0.06100177 -0.16403132]
 [ 0.03990676  0.05977504 -0.1649066 ]
 [ 0.03973414  0.06055422 -0.1640819 ]
 [ 0.03933956  0.06030529 -0.16458876]
 [ 0.03893088  0.05886153 -0.16508113]
 [ 0.0621328   0.06724039 -0.1558513 ]
 [ 0.06259619  0.0678019  -0.15547894]
 [ 0.06265014  0.06536892 -0.15611939]
 [ 0.06252224  0.0650891  -0.15639236]
 [ 0.06188781  0.06503778 -0.15712966]
 [ 0.06318022  0.06337221 -0.15698832]
 [ 0.06205871  0.06317762 -0.15713649]
 [ 0.06469473  0.06418347 -0.15728158]
 [ 0.0633583   0.06337068 -0.15778288]
 [ 0.06367102  0.06168583 -0.15856214]
 [ 0.06359303  0.06145454 -0.15764128]
 [ 0.06300957  0.06209184 -0.15753963]
 [ 0.06348813  0.06159133 -0.15863089]
 [ 0.06384712  0.06004298 -0.15806721]
 [ 0.06401778  0.05818807 -0.15941929]
 [ 0.06318353  0.05998745 -0.15884059]
 [ 0.06369182  0.0593436  -0.15926378]
 [ 0.06424218  0.05821213 -0.1595874 ]
 [ 0.06335874  0.0579121  -0.15955234]
 [ 0.06415248  0.05977493 -0.15958482]
 [ 0.06268001  0.05806967 -0.15921035]
 [ 0.06459361  0.05642941 -0.16000488]
 [ 0.06445635  0.05643108 -0.16001908]
 [ 0.06569981  0.05479714 -0.15915168]
 [ 0.06382466  0.05869576 -0.15873779]
 [ 0.06522541  0.0544869  -0.16051828]
 [ 0.06499599  0.05508547 -0.16078525]
 [ 0.06490007  0.05473816 -0.16115609]
 [ 0.06550392  0.05520664 -0.16058801]
 [ 0.06521328  0.05273645 -0.16216971]
 [ 0.06514339  0.05306125 -0.16127583]
 [ 0.06384536  0.05532285 -0.16167828]
 [ 0.06512239  0.05303472 -0.16165255]
 [ 0.06572595  0.05119845 -0.16247314]
 [ 0.06545803  0.05135136 -0.16251327]
 [ 0.06582263  0.05096438 -0.16307917]
 [ 0.06646459  0.05191244 -0.16223655]
 [ 0.06568022  0.04923898 -0.16354021]
 [ 0.06514059  0.04946049 -0.16335435]
 [ 0.06520566  0.04937631 -0.16362869]
 [ 0.06509418  0.04916911 -0.16425553]
 [ 0.06574463  0.04757655 -0.16358957]
 [ 0.06582684  0.04771443 -0.16391084]
 [ 0.06543907  0.04920054 -0.16325882]
 [ 0.06603969  0.04780947 -0.16405134]
 [ 0.06617961  0.04588557 -0.16541279]
 [ 0.06559743  0.04633637 -0.16445182]
 [ 0.06564189  0.0463016  -0.16433731]
 [ 0.06621939  0.0445479  -0.16562558]
 [ 0.06651307  0.04423963 -0.1657322 ]
 [ 0.06664638  0.04416624 -0.16517154]
 [ 0.06673941  0.04398825 -0.1665664 ]
 [ 0.0666759   0.04455034 -0.16608912]
 [ 0.06685559  0.04270961 -0.16612213]
 [ 0.06705486  0.04295773 -0.16654518]
 [ 0.06635783  0.04458458 -0.16606561]
 [ 0.06663859  0.04237803 -0.16751347]
 [ 0.06755885  0.04073139 -0.1673523 ]
 [ 0.06747742  0.04067562 -0.16738948]
 [ 0.06728173  0.04105207 -0.16717148]
 [ 0.06740092  0.04080652 -0.16809286]
 [ 0.06779759  0.03880852 -0.16829203]
 [ 0.06703398  0.0400629  -0.1682714 ]
 [ 0.06732589  0.03925031 -0.16803739]
 [ 0.06734991  0.0389285  -0.16817662]]
NEW raw errors:
[[ 0.00180171  0.00039779 -0.00032853]
 [-0.00144126  0.00006138 -0.00004458]
 [-0.00018685 -0.00038227 -0.00050627]
 [-0.00016907 -0.00024838 -0.00053343]
 [ 0.00034916  0.00005026 -0.00014191]
 [-0.00002349  0.00003833 -0.00015109]
 [ 0.00035712 -0.00014464 -0.00021527]
 [ 0.00003097 -0.00004225  0.00014072]
 [-0.00030315 -0.00014722  0.0000365 ]
 [ 0.00027923  0.00002099  0.00027457]
 [-0.00000659 -0.00000991  0.00015512]
 [-0.00016483  0.00020399  0.0002251 ]
 [-0.00023552  0.00003643 -0.00079866]
 [-0.00022343  0.00025517  0.00067716]
 [-0.00100769  0.00101014  0.00042128]
 [ 0.00086331  0.00005885  0.00026634]
 [ 0.00006974 -0.00029145  0.00029886]
 [ 0.0004642  -0.0002146  -0.00018358]
 [-0.00041712  0.00059406 -0.00007254]
 [-0.00094772 -0.00031537 -0.00046098]
 [ 0.00005932 -0.00006745  0.00009807]
 [-0.00029393 -0.00033045 -0.00015175]
 [ 0.00098461 -0.00025412 -0.00019892]
 [-0.0003638  -0.00006418  0.00023857]
 [ 0.00004323 -0.00029287  0.00018068]
 [-0.00054783 -0.00034898 -0.00043414]
 [ 0.001056    0.00032176  0.00050874]
 [ 0.00022272 -0.00043728  0.00031114]
 [ 0.00105415  0.00011283  0.00046557]
 [-0.00095484  0.00049848  0.00011936]
 [-0.00011121 -0.00023527 -0.00105537]
 [ 0.0001253   0.00187139  0.00002739]
 [ 0.00148422  0.00050221 -0.00060383]
 [-0.00022578  0.00156033  0.00042211]
 [ 0.00073559 -0.00017146  0.00067735]
 [ 0.00023264  0.00026573 -0.00092667]
 [-0.00017162  0.00020305  0.00013425]
 [-0.00008393 -0.00003893  0.00027593]
 [ 0.00037031 -0.00063675 -0.00003929]
 [ 0.00031919 -0.00019866  0.00003335]
 [ 0.00052381 -0.00004027  0.00077314]
 [-0.00052036  0.0002144   0.0001836 ]
 [ 0.00037225 -0.00022522  0.00050137]
 [-0.00030335 -0.00003596 -0.00036858]
 [ 0.00042911  0.00064704 -0.00002867]
 [ 0.00015638 -0.00011562  0.00025491]
 [ 0.00011089 -0.0006523  -0.00005306]
 [ 0.00013242 -0.00013098 -0.00028493]
 [-0.00034453 -0.00033652 -0.00020011]
 [-0.00061929 -0.00047673 -0.00004731]
 [ 0.00083695  0.00025852  0.00000927]
 [ 0.0006837  -0.00099417 -0.00093647]
 [ 0.00034778 -0.00009366 -0.00066123]
 [ 0.00087975 -0.00053958  0.00008426]
 [ 0.00001073  0.00122159  0.00033491]
 [ 0.00036876 -0.0003843  -0.00051133]
 [-0.0000222  -0.00003503  0.00053497]
 [ 0.00009335 -0.00150395 -0.00078606]
 [-0.0005274   0.00026467 -0.00026107]
 [-0.00003906 -0.00016999 -0.00032757]
 [ 0.00046485  0.00004849 -0.0002015 ]
 [ 0.00030378  0.00035535 -0.00011163]
 [ 0.00066482  0.00181557  0.0001549 ]
 [-0.00022811 -0.00015339  0.00073949]
 [-0.00015234 -0.00011054 -0.00003859]
 [-0.00009961  0.00009708  0.00009241]
 [ 0.00060074 -0.00151581  0.00109199]
 [-0.00074524  0.00181877  0.00137035]
 [-0.00025163 -0.00014836  0.00021622]
 [-0.00043139  0.00034104 -0.00000679]
 [-0.0004522  -0.00015414 -0.00027401]
 [-0.00000554  0.0003863   0.00011093]
 [ 0.0001646  -0.00016129 -0.00040412]
 [ 0.00010915  0.00003343  0.00048641]
 [-0.00092811  0.00212593  0.00032637]
 [-0.00029793  0.00030596  0.0002439 ]
 [-0.00019448 -0.00015718 -0.00017259]
 [-0.00009835  0.00041474  0.00004528]
 [ 0.0000167  -0.00072932 -0.00087192]
 [ 0.00051007  0.00037939 -0.00000639]
 [ 0.00005715 -0.00012469 -0.00013552]
 [-0.00043579  0.00026572  0.00011792]
 [ 0.00009788 -0.00056936 -0.00018711]
 [ 0.0002844  -0.00016356 -0.00056733]
 [-0.00005909 -0.00017856  0.00061132]
 [-0.0000646  -0.0003339   0.00016953]
 [ 0.00019029  0.00184501  0.00082246]
 [ 0.00044053 -0.0004913   0.00033617]
 [ 0.00013871 -0.00010931 -0.00031196]
 [-0.00016495  0.00099928  0.00077005]
 [ 0.00016457  0.00093572  0.00095721]
 [ 0.00009572 -0.00156555 -0.00054392]
 [ 0.00002013  0.00002901  0.00016881]
 [-0.00001831 -0.00047627  0.00080745]
 [ 0.00069743 -0.00105447 -0.00067671]
 [ 0.00086051  0.0004737  -0.00031947]
 [-0.00008217  0.00022942  0.00058594]
 [-0.00003499  0.00024108  0.00033635]
 [-0.00009865  0.00280464  0.00062045]
 [ 0.00010514  0.00019835 -0.00031717]
 [-0.00002503 -0.00005221  0.00007742]
 [ 0.00013537 -0.00041635 -0.00000357]
 [-0.00046777  0.00031294  0.00011695]
 [-0.00005026  0.00000679 -0.00042632]
 [ 0.00030007 -0.00000425  0.0001598 ]
 [-0.0000436   0.00047966  0.00014894]
 [-0.00041804  0.00017659  0.00026544]
 [-0.00045769 -0.00029049  0.00007186]]
avg abs err for RB:    0.00147474967565
avg abs err for RB+RF: 0.000381994341695
Mean abs error per dim: [ 0.00035956  0.00043849  0.00034793]
End of debug prints for rigid transform PLUS RF...


Begin debug prints:
(left pixels) A.shape: (108, 3), and A:
[[  803.   753.     1.]
 [  903.   742.     1.]
 [  878.   707.     1.]
 [  888.   700.     1.]
 [  889.   703.     1.]
 [  906.   690.     1.]
 [  898.   687.     1.]
 [  911.   692.     1.]
 [  925.   680.     1.]
 [  925.   680.     1.]
 [  926.   682.     1.]
 [  925.   681.     1.]
 [  944.   669.     1.]
 [  944.   671.     1.]
 [  983.   711.     1.]
 [  908.   668.     1.]
 [  964.   659.     1.]
 [  908.   677.     1.]
 [  940.   686.     1.]
 [  983.   649.     1.]
 [  950.   682.     1.]
 [  943.   659.     1.]
 [  952.   652.     1.]
 [ 1001.   638.     1.]
 [ 1000.   640.     1.]
 [ 1015.   660.     1.]
 [  926.   657.     1.]
 [ 1022.   630.     1.]
 [  962.   627.     1.]
 [ 1058.   664.     1.]
 [ 1014.   627.     1.]
 [ 1030.   682.     1.]
 [  987.   626.     1.]
 [ 1066.   676.     1.]
 [ 1018.   600.     1.]
 [ 1037.   613.     1.]
 [ 1074.   607.     1.]
 [ 1075.   606.     1.]
 [ 1064.   595.     1.]
 [ 1089.   591.     1.]
 [ 1096.   599.     1.]
 [ 1097.   598.     1.]
 [ 1097.   575.     1.]
 [  805.   633.     1.]
 [  786.   652.     1.]
 [  801.   610.     1.]
 [  804.   609.     1.]
 [  814.   611.     1.]
 [  802.   586.     1.]
 [  829.   596.     1.]
 [  724.   615.     1.]
 [  784.   570.     1.]
 [  797.   563.     1.]
 [  778.   556.     1.]
 [  809.   601.     1.]
 [  798.   569.     1.]
 [  796.   540.     1.]
 [  790.   518.     1.]
 [  819.   562.     1.]
 [  805.   532.     1.]
 [  797.   518.     1.]
 [  788.   531.     1.]
 [  751.   569.     1.]
 [  832.   527.     1.]
 [  797.   496.     1.]
 [  801.   496.     1.]
 [  735.   473.     1.]
 [  809.   560.     1.]
 [  795.   474.     1.]
 [  764.   494.     1.]
 [  806.   477.     1.]
 [  770.   488.     1.]
 [  791.   453.     1.]
 [  800.   458.     1.]
 [  818.   518.     1.]
 [  806.   463.     1.]
 [  793.   435.     1.]
 [  799.   438.     1.]
 [  786.   437.     1.]
 [  767.   447.     1.]
 [  790.   412.     1.]
 [  801.   417.     1.]
 [  799.   416.     1.]
 [  797.   413.     1.]
 [  790.   394.     1.]
 [  791.   395.     1.]
 [  781.   451.     1.]
 [  766.   387.     1.]
 [  787.   374.     1.]
 [  797.   392.     1.]
 [  796.   390.     1.]
 [  761.   354.     1.]
 [  785.   354.     1.]
 [  734.   350.     1.]
 [  753.   328.     1.]
 [  727.   382.     1.]
 [  783.   335.     1.]
 [  733.   350.     1.]
 [  758.   388.     1.]
 [  796.   340.     1.]
 [  785.   315.     1.]
 [  784.   309.     1.]
 [  758.   306.     1.]
 [  790.   322.     1.]
 [  784.   294.     1.]
 [  796.   316.     1.]
 [  796.   303.     1.]
 [  793.   299.     1.]]
(right pixels) B.shape: (108, 3), and B:
[[  722.   757.     1.]
 [  822.   746.     1.]
 [  797.   713.     1.]
 [  808.   705.     1.]
 [  809.   707.     1.]
 [  825.   694.     1.]
 [  817.   691.     1.]
 [  830.   696.     1.]
 [  845.   683.     1.]
 [  844.   683.     1.]
 [  845.   685.     1.]
 [  845.   686.     1.]
 [  865.   674.     1.]
 [  863.   674.     1.]
 [  903.   715.     1.]
 [  828.   671.     1.]
 [  884.   663.     1.]
 [  829.   681.     1.]
 [  861.   690.     1.]
 [  904.   653.     1.]
 [  871.   685.     1.]
 [  864.   663.     1.]
 [  874.   657.     1.]
 [  922.   642.     1.]
 [  922.   644.     1.]
 [  937.   664.     1.]
 [  847.   661.     1.]
 [  942.   632.     1.]
 [  883.   630.     1.]
 [  978.   665.     1.]
 [  939.   632.     1.]
 [  952.   681.     1.]
 [  912.   631.     1.]
 [  987.   677.     1.]
 [  939.   603.     1.]
 [  962.   618.     1.]
 [  995.   611.     1.]
 [  995.   608.     1.]
 [  986.   603.     1.]
 [ 1011.   599.     1.]
 [ 1016.   601.     1.]
 [ 1018.   601.     1.]
 [ 1018.   578.     1.]
 [  724.   637.     1.]
 [  705.   657.     1.]
 [  720.   615.     1.]
 [  723.   612.     1.]
 [  734.   615.     1.]
 [  722.   591.     1.]
 [  748.   600.     1.]
 [  644.   620.     1.]
 [  705.   577.     1.]
 [  718.   569.     1.]
 [  698.   563.     1.]
 [  728.   604.     1.]
 [  720.   575.     1.]
 [  716.   546.     1.]
 [  712.   523.     1.]
 [  741.   568.     1.]
 [  726.   538.     1.]
 [  718.   523.     1.]
 [  710.   536.     1.]
 [  672.   575.     1.]
 [  751.   531.     1.]
 [  718.   502.     1.]
 [  722.   503.     1.]
 [  654.   477.     1.]
 [  728.   562.     1.]
 [  715.   478.     1.]
 [  685.   498.     1.]
 [  727.   482.     1.]
 [  691.   493.     1.]
 [  712.   459.     1.]
 [  720.   461.     1.]
 [  741.   525.     1.]
 [  726.   466.     1.]
 [  714.   440.     1.]
 [  720.   443.     1.]
 [  709.   444.     1.]
 [  688.   453.     1.]
 [  711.   418.     1.]
 [  723.   423.     1.]
 [  721.   421.     1.]
 [  720.   421.     1.]
 [  712.   399.     1.]
 [  712.   400.     1.]
 [  703.   456.     1.]
 [  688.   392.     1.]
 [  710.   380.     1.]
 [  719.   396.     1.]
 [  717.   395.     1.]
 [  684.   358.     1.]
 [  708.   360.     1.]
 [  656.   356.     1.]
 [  677.   335.     1.]
 [  650.   388.     1.]
 [  706.   340.     1.]
 [  656.   356.     1.]
 [  681.   393.     1.]
 [  720.   345.     1.]
 [  709.   321.     1.]
 [  708.   316.     1.]
 [  682.   313.     1.]
 [  715.   328.     1.]
 [  709.   300.     1.]
 [  721.   322.     1.]
 [  720.   307.     1.]
 [  718.   305.     1.]]
theta for LEFT to RIGHT:
[[  1.00749774  -0.00461989]
 [ -0.01244969   0.99647398]
 [-78.51081601  10.56218866]]
theta for RIGHT to LEFT:
[[  0.99246445   0.00464332]
 [  0.01244133   1.00347063]
 [ 77.89624358 -10.20324995]]
abs_errors l2r (remember, these are pixels):
[[ 0.8647427   0.19732407]
 [ 0.02197795  0.22587832]
 [ 0.2702734   1.98697034]
 [ 0.56760139  1.00848704]
 [ 0.59745271  0.023685  ]
 [ 0.6918548   0.05638476]
 [ 0.66922193  0.0088476 ]
 [ 0.70444414  0.08653624]
 [ 0.04119127  0.89109763]
 [ 0.95880873  0.89109763]
 [ 0.9414071   0.8794257 ]
 [ 0.05364095  1.11242839]
 [ 0.76178765  1.15789396]
 [ 1.21331298  0.835054  ]
 [ 0.00773748  0.48616252]
 [ 0.01925665  1.01194798]
 [ 0.51266403  0.21503145]
 [ 1.13130381  0.01978623]
 [ 1.00342326  0.19935681]
 [ 0.22038204  0.26754906]
 [ 0.87864711  0.76854842]
 [ 0.64478854  0.11801383]
 [ 1.49016107  1.13491065]
 [ 0.05152384  0.31192076]
 [ 0.98087328  0.31435292]
 [ 1.11740086  0.45417169]
 [ 0.74735077  0.03242372]
 [ 1.30857388  1.61926981]
 [ 0.10394153  0.90704107]
 [ 1.15520327  2.3330691 ]
 [ 3.71405899  1.33319303]
 [ 1.27882781  4.3989575 ]
 [ 3.90404832  1.20493007]
 [ 0.06578898  2.25379772]
 [ 0.65207347  0.74353006]
 [ 3.36731535  1.39008609]
 [ 0.98479918  0.53986575]
 [ 2.00474661  1.45904039]
 [ 0.05921799  4.4513546 ]
 [ 0.29646026  4.55274767]
 [ 2.24934697  1.38670494]
 [ 1.26929439  0.38561107]
 [ 1.55563715  0.46670961]
 [ 0.64421499  0.61120712]
 [ 0.26521389  0.36800948]
 [ 0.90056678  0.28921479]
 [ 0.93550969  1.70045157]
 [ 0.01441227  0.64720066]
 [ 0.20685696  0.20921012]
 [ 1.28479913  0.63079271]
 [ 0.73900772  0.04888635]
 [ 0.72890742  2.06963578]
 [ 0.54428898  1.10501214]
 [ 0.40040173  1.99255213]
 [ 1.07259588  1.70556032]
 [ 1.61148935  1.13078817]
 [ 0.73455603  1.01929372]
 [ 1.03653734  0.08599812]
 [ 1.36688899  1.20312362]
 [ 0.09836682  1.03266451]
 [ 0.01594684  0.05365891]
 [ 1.21337873  0.04939959]
 [ 0.96388319  0.9136535 ]
 [ 2.16632062  0.86022867]
 [ 0.28983992  0.86876857]
 [ 0.31983088  1.88724811]
 [ 2.11132272  1.49876294]
 [ 1.58303296  2.85012729]
 [ 1.54873751  1.21804372]
 [ 0.06731383  1.29073973]
 [ 0.5938636   0.1566469 ]
 [ 0.18699838  0.28417656]
 [ 0.78018993  0.68943024]
 [ 1.78542117  2.25136067]
 [ 1.82660059  2.0433587 ]
 [ 1.76815919  2.20601123]
 [ 1.01927974  0.36479841]
 [ 1.02691713  0.32650102]
 [ 1.05810382  1.60991443]
 [ 0.67494225  0.55739682]
 [ 1.28312927  0.54024339]
 [ 0.303356    0.60869226]
 [ 0.3008102   0.40407354]
 [ 0.67683622  2.57610862]
 [ 0.50722361  0.52322503]
 [ 1.50227166  0.51507912]
 [ 0.26988811  0.36382067]
 [ 0.41442561  0.65878448]
 [ 0.26627592  0.39239484]
 [ 0.58460716  1.49793788]
 [ 1.60200879  0.50960981]
 [ 0.21222349  1.79824268]
 [ 0.0322777   0.31263459]
 [ 0.63513624  0.06291628]
 [ 0.9485136   1.07312161]
 [ 0.81573787  0.14340983]
 [ 0.18927084  0.76359963]
 [ 0.3723615   0.0582964 ]
 [ 0.658006    0.69221754]
 [ 0.77550695  0.68591098]
 [ 0.54673998  0.17511968]
 [ 0.47953961  1.14934365]
 [ 0.63713183  1.01864853]
 [ 1.59639907  0.22290127]
 [ 1.29279433  0.0964533 ]
 [ 1.47671451  0.22946445]
 [ 0.31486861  1.81637385]
 [ 1.28756309  0.15566239]]
abs_errors r2l (remember, these are pixels):
[[ 0.87366812  0.22350716]
 [ 0.01674108  0.20264737]
 [ 0.2389164   1.9720336 ]
 [ 0.57866194  0.995345  ]
 [ 0.59600906  0.00692958]
 [ 0.68629698  0.03610439]
 [ 0.66333662  0.01145403]
 [ 0.69909205  0.06626224]
 [ 0.02613745  0.90920627]
 [ 0.966327    0.91384959]
 [ 0.94897988  0.902265  ]
 [ 0.06346145  1.10120563]
 [ 0.76345456  1.15242433]
 [ 1.22147435  0.8568623 ]
 [ 0.01280156  0.47116626]
 [ 0.00494574  1.02979022]
 [ 0.51657546  0.20247035]
 [ 1.12182352  0.00955942]
 [ 0.99265805  0.1893812 ]
 [ 0.20830031  0.26063032]
 [ 0.85509594  0.78153881]
 [ 0.63413545  0.10960405]
 [ 1.484132    1.1352134 ]
 [ 0.06419416  0.30603303]
 [ 0.9606885   0.31297429]
 [ 1.09648196  0.45203668]
 [ 0.73735706  0.02372643]
 [ 1.33931839  1.635807  ]
 [ 0.08039613  0.91670386]
 [ 1.20003407  2.35411677]
 [ 3.68328824  1.35026305]
 [ 1.19495142  4.41931283]
 [ 3.87430664  1.22142291]
 [ 0.118558    2.27067933]
 [ 0.67751039  0.75038531]
 [ 3.33579205  1.40847043]
 [ 0.99997028  0.5374054 ]
 [ 2.03729427  1.4730065 ]
 [ 0.03168102  4.46785049]
 [ 0.26983499  4.57005084]
 [ 2.28263005  1.39979132]
 [ 1.29770114  0.39050469]
 [ 1.58385178  0.47032925]
 [ 0.63436282  0.63069652]
 [ 0.24236081  0.35049316]
 [ 0.87792994  0.27437629]
 [ 0.93786057  1.72210566]
 [ 0.01657242  0.6606173 ]
 [ 0.191593    0.20036773]
 [ 1.2755452   0.64767038]
 [ 0.75697818  0.06116249]
 [ 0.76233262  2.0728425 ]
 [ 0.56483987  1.10544053]
 [ 0.35909721  1.99175043]
 [ 1.07506896  1.72665415]
 [ 1.62441678  1.13555096]
 [ 0.70623967  1.01632934]
 [ 1.03775187  0.08206848]
 [ 1.379081    1.20876615]
 [ 0.11887422  1.03499743]
 [ 0.0074614   0.05420859]
 [ 1.21456028  0.04623688]
 [ 0.98612296  0.91267184]
 [ 2.15660375  0.87321413]
 [ 0.26872937  0.87290811]
 [ 0.28643022  1.894952  ]
 [ 2.09748777  1.51102988]
 [ 1.59760491  2.87242075]
 [ 1.54471471  1.22431703]
 [ 0.0698217   1.29420382]
 [ 0.58537593  0.15471472]
 [ 0.17724164  0.28369709]
 [ 0.75849338  0.69581099]
 [ 1.79389508  2.26010122]
 [ 1.84410372  2.05952892]
 [ 1.77690169  2.21488816]
 [ 1.00994978  0.36084441]
 [ 1.01783906  0.32257262]
 [ 1.07749327  1.62982155]
 [ 0.65228828  0.56354763]
 [ 1.26105245  0.54887172]
 [ 0.28927234  0.62194466]
 [ 0.29908391  0.39428323]
 [ 0.70845164  2.60107345]
 [ 0.50497331  0.512427  ]
 [ 1.49253197  0.50895636]
 [ 0.27200253  0.35639074]
 [ 0.41120954  0.64816099]
 [ 0.27371248  0.41234434]
 [ 0.59504612  1.49033569]
 [ 1.59241636  0.50309296]
 [ 0.19592735  1.78473578]
 [ 0.03995693  0.33364505]
 [ 0.61796004  0.07831013]
 [ 0.96252553  1.10293645]
 [ 0.82537586  0.1615105 ]
 [ 0.19379863  0.74505425]
 [ 0.38203996  0.07831013]
 [ 0.65398061  0.67719356]
 [ 0.7629104   0.66269467]
 [ 0.54720943  0.20293367]
 [ 0.49253831  1.18093719]
 [ 0.6511385   1.0497991 ]
 [ 1.58908548  0.25508799]
 [ 1.28594146  0.13005037]
 [ 1.46922422  0.26212408]
 [ 0.29013978  1.79457873]
 [ 1.28032821  0.18919337]]
End of debug prints.


Assuming we ONLY have the left pixels, we still predict the robot points.
pred points:
[[ 0.06006396  0.07418207 -0.15318655]
 [ 0.05288227  0.07293761 -0.15536029]
 [ 0.05510832  0.07054967 -0.15598257]
 [ 0.05444649  0.069995   -0.15638844]
 [ 0.05433953  0.07020652 -0.15631337]
 [ 0.05322021  0.06917967 -0.15704123]
 [ 0.05384751  0.06900304 -0.1569846 ]
 [ 0.0528266   0.06929918 -0.15707268]
 [ 0.05191119  0.06835379 -0.15771726]
 [ 0.05191119  0.06835379 -0.15771726]
 [ 0.0518151   0.06849441 -0.15767287]
 [ 0.05190051  0.06842671 -0.15768556]
 [ 0.05060385  0.06744901 -0.15842974]
 [ 0.05058283  0.06759563 -0.1583659 ]
 [ 0.04724073  0.07031314 -0.1578354 ]
 [ 0.05331029  0.06756719 -0.15777435]
 [ 0.04920139  0.06660612 -0.15913434]
 [ 0.05321239  0.06822395 -0.15748935]
 [ 0.05072527  0.0687132  -0.15781216]
 [ 0.04786505  0.06576287 -0.15982441]
 [ 0.05001715  0.06836903 -0.15812985]
 [ 0.0507844   0.06671996 -0.15873031]
 [ 0.05018008  0.06615532 -0.15912805]
 [ 0.04660593  0.06484502 -0.1605322 ]
 [ 0.0466622   0.0649996  -0.1604475 ]
 [ 0.04532011  0.06640171 -0.16008909]
 [ 0.05208265  0.06666488 -0.15846811]
 [ 0.04507847  0.0641282  -0.1612054 ]
 [ 0.04968549  0.06424682 -0.1601292 ]
 [ 0.04198911  0.06646255 -0.16079683]
 [ 0.04572134  0.06394955 -0.16114658]
 [ 0.04396326  0.06794664 -0.15966653]
 [ 0.04779488  0.06402964 -0.16064982]
 [ 0.04126323  0.06730986 -0.16056065]
 [ 0.04568189  0.06189595 -0.16211497]
 [ 0.04409036  0.0627641  -0.16206173]
 [ 0.04128205  0.06209082 -0.16299779]
 [ 0.04121357  0.06200899 -0.1630512 ]
 [ 0.04217189  0.06123998 -0.16319876]
 [ 0.04026028  0.06078261 -0.16383545]
 [ 0.03964012  0.06135001 -0.16370721]
 [ 0.03957098  0.06126771 -0.16376099]
 [ 0.03978     0.05950788 -0.16453771]
 [ 0.06134056  0.06556418 -0.1569232 ]
 [ 0.0625026   0.06704893 -0.155972  ]
 [ 0.06191359  0.06390063 -0.1575709 ]
 [ 0.06170465  0.06381014 -0.15765967]
 [ 0.06094256  0.06390088 -0.15778733]
 [ 0.06213298  0.06212348 -0.15835011]
 [ 0.06001197  0.06270752 -0.15855109]
 [ 0.06747977  0.06469572 -0.15595755]
 [ 0.06366081  0.06104228 -0.15851256]
 [ 0.06278644  0.06044358 -0.15898678]
 [ 0.06427965  0.06003609 -0.15884281]
 [ 0.06143276  0.0631922  -0.15800833]
 [ 0.06263813  0.06088461 -0.15881448]
 [ 0.06314671  0.05872863 -0.15970493]
 [ 0.06386921  0.05710932 -0.16029721]
 [ 0.06116516  0.0602363  -0.15944544]
 [ 0.06257665  0.05807075 -0.16013873]
 [ 0.06334777  0.05706468 -0.16043467]
 [ 0.06385393  0.05810203 -0.15983851]
 [ 0.06610215  0.06116352 -0.15791028]
 [ 0.06062007  0.05752269 -0.16083128]
 [ 0.06362498  0.05539562 -0.1611495 ]
 [ 0.06332579  0.05536934 -0.16122872]
 [ 0.06853835  0.0540553  -0.16067136]
 [ 0.06193316  0.06014727 -0.15931541]
 [ 0.06405398  0.05372867 -0.16182908]
 [ 0.06611019  0.0554599  -0.16056284]
 [ 0.0631906   0.05388437 -0.16195006]
 [ 0.06574175  0.05496455 -0.16087586]
 [ 0.06462311  0.05214195 -0.16243962]
 [ 0.0638826   0.0524651  -0.16245534]
 [ 0.06177912  0.05693037 -0.16084806]
 [ 0.06336769  0.05280891 -0.16241079]
 [ 0.06470476  0.05073617 -0.16307508]
 [ 0.06421392  0.05092629 -0.16309678]
 [ 0.06520575  0.05094069 -0.16286755]
 [ 0.06650041  0.05184612 -0.16215598]
 [ 0.06522959  0.04896808 -0.16377931]
 [ 0.06433328  0.04927837 -0.1638363 ]
 [ 0.06449746  0.04921484 -0.16382898]
 [ 0.06468756  0.04899514 -0.16388845]
 [ 0.06546497  0.04755871 -0.16438152]
 [ 0.06537615  0.04762977 -0.16436845]
 [ 0.0653995   0.05205712 -0.16230492]
 [ 0.06737138  0.04718842 -0.16412497]
 [ 0.06595574  0.04600629 -0.16499258]
 [ 0.06496068  0.04734929 -0.16459216]
 [ 0.06506264  0.04719948 -0.16463888]
 [ 0.06819412  0.04462425 -0.16513075]
 [ 0.06637319  0.04443723 -0.16562757]
 [ 0.07028753  0.04451739 -0.16470865]
 [ 0.06915571  0.04261956 -0.16584472]
 [ 0.07037026  0.04708807 -0.16349656]
 [ 0.06677962  0.04293883 -0.16623195]
 [ 0.07036284  0.04452515 -0.16468806]
 [ 0.06796079  0.0473266  -0.16392818]
 [ 0.06572096  0.0432348  -0.16633286]
 [ 0.06689606  0.04131895 -0.16695783]
 [ 0.06705358  0.04084403 -0.16714279]
 [ 0.06907915  0.04081638 -0.16669883]
 [ 0.06641957  0.0418409  -0.16682286]
 [ 0.06725689  0.03963227 -0.16765939]
 [ 0.06604057  0.04130944 -0.167155  ]
 [ 0.06621468  0.04026041 -0.1676028 ]
 [ 0.06649876  0.0399618  -0.16767738]]
true points:
[[ 0.05847758  0.07378694 -0.15324037]
 [ 0.05627323  0.07286323 -0.15419178]
 [ 0.05640511  0.0726599  -0.15440034]
 [ 0.05549058  0.07187153 -0.15476888]
 [ 0.05482454  0.07170871 -0.1552876 ]
 [ 0.05409734  0.07087398 -0.15566802]
 [ 0.05434531  0.07088898 -0.1555977 ]
 [ 0.05364753  0.0710668  -0.15597249]
 [ 0.05272185  0.06983512 -0.15658945]
 [ 0.05240372  0.06990096 -0.15668072]
 [ 0.05260256  0.07007865 -0.15655038]
 [ 0.05283494  0.06954559 -0.15670497]
 [ 0.05129853  0.0688099  -0.15748448]
 [ 0.05155432  0.06870687 -0.15747322]
 [ 0.05078468  0.06877059 -0.15773038]
 [ 0.05167715  0.06875191 -0.15741381]
 [ 0.04982998  0.06775491 -0.15842821]
 [ 0.05005975  0.06780623 -0.15855382]
 [ 0.04951736  0.06668885 -0.1588855 ]
 [ 0.04834765  0.06671914 -0.15935666]
 [ 0.04836663  0.06708475 -0.15931717]
 [ 0.04823803  0.06704382 -0.15946114]
 [ 0.04776003  0.06695592 -0.15949747]
 [ 0.04688946  0.06565567 -0.16029986]
 [ 0.04668475  0.06578208 -0.16033908]
 [ 0.04629593  0.06592616 -0.16033893]
 [ 0.04725401  0.06578265 -0.16053736]
 [ 0.04550389  0.06457413 -0.16122003]
 [ 0.04587654  0.06439748 -0.16131404]
 [ 0.04508166  0.06434423 -0.16129352]
 [ 0.04496012  0.06451474 -0.16156194]
 [ 0.04401047  0.0628112  -0.16204111]
 [ 0.04433198  0.06349659 -0.1621374 ]
 [ 0.04221865  0.06281265 -0.16330306]
 [ 0.04316905  0.0625226  -0.16301811]
 [ 0.04212367  0.06183442 -0.16358682]
 [ 0.04127766  0.06100475 -0.16410296]
 [ 0.04155533  0.06130789 -0.16396801]
 [ 0.04119026  0.06163853 -0.16399203]
 [ 0.03958757  0.05997371 -0.16493995]
 [ 0.03921032  0.06059449 -0.16485504]
 [ 0.03985992  0.06009088 -0.16477236]
 [ 0.03855863  0.05908676 -0.1655825 ]
 [ 0.06243615  0.06727635 -0.15548273]
 [ 0.06216709  0.06715486 -0.15545028]
 [ 0.06249376  0.06548454 -0.1563743 ]
 [ 0.06241135  0.06574139 -0.15633931]
 [ 0.06175539  0.06516876 -0.15684473]
 [ 0.06352475  0.06370873 -0.15678821]
 [ 0.06267801  0.06365435 -0.15708918]
 [ 0.06385778  0.06392495 -0.15729084]
 [ 0.0626746   0.06436485 -0.15684642]
 [ 0.06332324  0.06177949 -0.15790091]
 [ 0.06271328  0.06199412 -0.15772554]
 [ 0.06299884  0.06087025 -0.15787455]
 [ 0.06311937  0.06197563 -0.15811956]
 [ 0.06386933  0.06007801 -0.15860218]
 [ 0.06392443  0.05969202 -0.15863322]
 [ 0.06371093  0.05972278 -0.15857952]
 [ 0.06373087  0.05951359 -0.15893621]
 [ 0.06377733  0.05816364 -0.1593859 ]
 [ 0.06305496  0.05755675 -0.15944071]
 [ 0.06348766  0.05795936 -0.15973972]
 [ 0.06290812  0.05822306 -0.15994984]
 [ 0.06474595  0.05653995 -0.15996629]
 [ 0.06455595  0.05633401 -0.16011149]
 [ 0.06509907  0.05631295 -0.16024367]
 [ 0.06456991  0.05687699 -0.16010814]
 [ 0.06547704  0.05463526 -0.1607345 ]
 [ 0.06542737  0.05474443 -0.16077845]
 [ 0.06535227  0.0548923  -0.16088208]
 [ 0.06550946  0.05482034 -0.16069894]
 [ 0.06504867  0.05289775 -0.16176559]
 [ 0.06503424  0.05302782 -0.16176224]
 [ 0.06477347  0.05319692 -0.16200464]
 [ 0.06542033  0.05272876 -0.16189646]
 [ 0.06592044  0.05135563 -0.16230054]
 [ 0.06555638  0.05093663 -0.16255855]
 [ 0.06580593  0.0516937  -0.16220725]
 [ 0.06595452  0.05153304 -0.16223016]
 [ 0.06562307  0.04936366 -0.16340469]
 [ 0.06557639  0.04919478 -0.16347228]
 [ 0.06510778  0.04994567 -0.16344158]
 [ 0.06480979  0.04933267 -0.16368821]
 [ 0.06580372  0.0477551  -0.16420088]
 [ 0.06589145  0.04804833 -0.16408037]
 [ 0.06524878  0.04735553 -0.16408128]
 [ 0.06559916  0.04830078 -0.16438751]
 [ 0.0660409   0.04599488 -0.16510083]
 [ 0.06576239  0.04533709 -0.16522187]
 [ 0.06547732  0.04536588 -0.16529452]
 [ 0.06612368  0.04611345 -0.16508167]
 [ 0.06649294  0.04421062 -0.16590101]
 [ 0.06666469  0.04464251 -0.165979  ]
 [ 0.06604199  0.04504272 -0.16588968]
 [ 0.0658154   0.04407665 -0.16576965]
 [ 0.06693776  0.04248018 -0.16670807]
 [ 0.06708985  0.04271666 -0.16688153]
 [ 0.06645648  0.04177994 -0.16668605]
 [ 0.06653345  0.04217967 -0.16719629]
 [ 0.06758388  0.04078359 -0.16742972]
 [ 0.06734204  0.04109197 -0.16738592]
 [ 0.0677495   0.04073913 -0.16728843]
 [ 0.06745119  0.04079973 -0.16766654]
 [ 0.06749752  0.03881276 -0.16845183]
 [ 0.06707757  0.03958324 -0.16842034]
 [ 0.06774393  0.03907371 -0.16830283]
 [ 0.0678076   0.03921899 -0.16824847]]
mean abs err: [ 0.00131836  0.00125425  0.0009069 ]
mean err: [-0.00000236  0.00000038  0.00001033]
Done w/debugging.

