
Some debug prints:
robot points in left/right camera (we'll average later):
(0, array([ 0.06265034,  0.01677778, -0.1670549 ]), array([ 0.06249328,  0.01557243, -0.16705164]))
(1, array([ 0.04770167,  0.01551922, -0.16579002]), array([ 0.04722422,  0.01526217, -0.1649909 ]))
(2, array([ 0.03231877,  0.01467935, -0.16336019]), array([ 0.03187519,  0.01324864, -0.16334485]))
(3, array([ 0.0696675 ,  0.02462497, -0.16849501]), array([ 0.07014985,  0.02480461, -0.16848552]))
(4, array([ 0.05419136,  0.02320041, -0.16671271]), array([ 0.05437598,  0.02347691, -0.16607258]))
(5, array([ 0.03843405,  0.02311108, -0.16483145]), array([ 0.03911293,  0.02278617, -0.16416886]))
(6, array([ 0.0237181 ,  0.02115259, -0.16287191]), array([ 0.02358626,  0.02126972, -0.1629319 ]))
(7, array([ 0.00882053,  0.02031989, -0.16102808]), array([ 0.00849757,  0.02051001, -0.16109783]))
(8, array([ 0.06052573,  0.03181225, -0.16797237]), array([ 0.06171055,  0.03178094, -0.1669385 ]))
(9, array([ 0.04598106,  0.03046156, -0.16537333]), array([ 0.04568687,  0.0308476 , -0.16525881]))
(10, array([ 0.03127184,  0.02907985, -0.16370623]), array([ 0.03127493,  0.02926232, -0.16366678]))
(11, array([ 0.01612001,  0.02821094, -0.16144106]), array([ 0.01546771,  0.02810247, -0.16139539]))
(12, array([ 0.06918144,  0.03981997, -0.16819757]), array([ 0.06924001,  0.04032374, -0.16773324]))
(13, array([ 0.05355205,  0.03930621, -0.16576063]), array([ 0.05358896,  0.03873788, -0.16568886]))
(14, array([ 0.03842213,  0.03729103, -0.16457295]), array([ 0.03760796,  0.03770711, -0.16394055]))
(15, array([ 0.02306885,  0.03623672, -0.16253395]), array([ 0.02268796,  0.03659117, -0.16187443]))
(16, array([ 0.00855058,  0.03570382, -0.16053817]), array([ 0.0073632 ,  0.03556778, -0.16071475]))
(17, array([ 0.06033273,  0.04735002, -0.16703766]), array([ 0.05989289,  0.0475297 , -0.16701328]))
(18, array([ 0.04495187,  0.04610125, -0.16496618]), array([ 0.04506207,  0.04548893, -0.16509042]))
(19, array([ 0.02980379,  0.04477701, -0.16363518]), array([ 0.02998294,  0.04449247, -0.16334402]))
(20, array([ 0.01487251,  0.04341136, -0.16121914]), array([ 0.01520939,  0.04345972, -0.16148279]))
(21, array([ 0.06803394,  0.0551307 , -0.16767761]), array([ 0.06753916,  0.05582259, -0.16765108]))
(22, array([ 0.05193264,  0.05403919, -0.16634051]), array([ 0.05267131,  0.05435472, -0.16560279]))
(23, array([ 0.03745381,  0.05266458, -0.1643972 ]), array([ 0.03624767,  0.05261727, -0.16445039]))
(24, array([ 0.02193071,  0.05140146, -0.16223715]), array([ 0.02181629,  0.05149683, -0.16219022]))
(25, array([ 0.00639338,  0.05032161, -0.1606867 ]), array([ 0.00630314,  0.0503704 , -0.16076059]))
(26, array([ 0.05905975,  0.06224323, -0.16732062]), array([ 0.05987584,  0.0625649 , -0.16658698]))
(27, array([ 0.04344824,  0.06123032, -0.16514076]), array([ 0.04395253,  0.06143201, -0.16483353]))
(28, array([ 0.0290714 ,  0.05943117, -0.16345774]), array([ 0.02841239,  0.05989888, -0.1633824 ]))
(29, array([ 0.01363858,  0.05829492, -0.16171508]), array([ 0.0140356 ,  0.05901851, -0.16097001]))
(30, array([ 0.06755631,  0.07128122, -0.16775321]), array([ 0.06590938,  0.07113961, -0.16844208]))
(31, array([ 0.05209983,  0.06956392, -0.16611414]), array([ 0.05091006,  0.06989896, -0.16586898]))
(32, array([ 0.03606209,  0.06765707, -0.16481115]), array([ 0.03664784,  0.06820061, -0.16351524]))
(33, array([ 0.02096727,  0.06659482, -0.16252993]), array([ 0.02072627,  0.0674692 , -0.16199612]))
(34, array([ 0.00662183,  0.0657216 , -0.16088594]), array([ 0.00577297,  0.06603958, -0.16044413]))
pixel pts in left/right camera:
(0, (809, 106), (736, 111))
(1, (987, 119), (915, 122))
(2, (1163, 130), (1094, 135))
(3, (713, 188), (640, 194))
(4, (892, 201), (820, 206))
(5, (1069, 213), (999, 217))
(6, (1246, 224), (1176, 228))
(7, (1421, 236), (1347, 237))
(8, (798, 283), (725, 289))
(9, (976, 295), (905, 300))
(10, (1153, 306), (1082, 310))
(11, (1329, 317), (1259, 321))
(12, (703, 366), (629, 374))
(13, (882, 377), (810, 383))
(14, (1059, 388), (988, 393))
(15, (1236, 399), (1165, 403))
(16, (1412, 409), (1342, 413))
(17, (787, 460), (715, 467))
(18, (966, 471), (894, 477))
(19, (1142, 481), (1072, 486))
(20, (1319, 491), (1249, 495))
(21, (692, 544), (620, 550))
(22, (871, 554), (800, 560))
(23, (1049, 564), (978, 570))
(24, (1226, 574), (1155, 579))
(25, (1402, 583), (1331, 588))
(26, (777, 638), (705, 644))
(27, (955, 647), (884, 654))
(28, (1132, 657), (1061, 662))
(29, (1309, 666), (1238, 671))
(30, (682, 722), (610, 729))
(31, (861, 731), (790, 738))
(32, (1039, 741), (968, 746))
(33, (1216, 750), (1145, 755))
(34, (1392, 758), (1321, 763))
camera points:
(0, array([-0.02597263, -0.04166139,  0.18097134]))
(1, array([-0.01111678, -0.04118812,  0.18375528]))
(2, array([ 0.00413246, -0.04192169,  0.19140913]))
(3, array([-0.03404066, -0.03470446,  0.18078572]))
(4, array([-0.0192291 , -0.03410785,  0.18347285]))
(5, array([-0.00420263, -0.03405254,  0.18886133]))
(6, array([ 0.01138859, -0.0330836 ,  0.18886133]))
(7, array([ 0.02539384, -0.03034205,  0.17892772]))
(8, array([-0.02687351, -0.02669411,  0.18078572]))
(9, array([-0.01220975, -0.02642931,  0.18604431]))
(10, array([ 0.00315172, -0.02549747,  0.18620979]))
(11, array([ 0.01869973, -0.0248916 ,  0.18886133]))
(12, array([-0.03432847, -0.01938202,  0.17790744]))
(13, array([-0.02006366, -0.01902696,  0.18327944]))
(14, array([-0.00500766, -0.0183595 ,  0.18604431]))
(15, array([ 0.01036021, -0.01742049,  0.18620979]))
(16, array([ 0.02601087, -0.01678769,  0.18886133]))
(17, array([-0.02814947, -0.01191708,  0.18305164]))
(18, array([-0.01288312, -0.0109916 ,  0.18327944]))
(19, array([ 0.00222561, -0.01043595,  0.18868869]))
(20, array([ 0.01781887, -0.00956464,  0.18886133]))
(21, array([-0.03630534, -0.00475137,  0.18327944]))
(22, array([-0.02129771, -0.00395104,  0.18584266]))
(23, array([-0.00586902, -0.00308426,  0.18584266]))
(24, array([ 0.00948328, -0.00221989,  0.18604431]))
(25, array([ 0.02475517, -0.00143894,  0.18604431]))
(26, array([-0.02903933,  0.00328399,  0.18327944]))
(27, array([-0.01399884,  0.00410477,  0.18560518]))
(28, array([ 0.0013267 ,  0.0049822 ,  0.18604431]))
(29, array([ 0.01668537,  0.00576315,  0.18604431]))
(30, array([-0.03711398,  0.01045152,  0.18305164]))
(31, array([-0.02213617,  0.01137642,  0.18560518]))
(32, array([-0.00674311,  0.01227106,  0.18604431]))
(33, array([ 0.00861556,  0.01305201,  0.18604431]))
(34, array([ 0.02388745,  0.01374618,  0.18604431]))
(camera) points_3d.shape: (35, 3)
End of debug prints.


Begin debug prints for rigid transformation:
meanA:
[[-0.00578987]
 [-0.01328212]
 [ 0.18514131]]
meanB:
[[ 0.0384474 ]
 [ 0.04273814]
 [-0.16438781]]
Rotation R:
[[-0.97044014 -0.1255764  -0.20609829]
 [-0.12846015  0.99171448  0.00061597]
 [ 0.20431331  0.02707318 -0.9785311 ]]
and R^TR (should be identity):
[[ 1.  0. -0.]
 [ 0.  1.  0.]
 [-0.  0.  1.]]
translation t:
[[ 0.06931806]
 [ 0.0550524 ]
 [ 0.01832125]]
RB_matrix:
[[-0.97044014 -0.1255764  -0.20609829  0.06931806]
 [-0.12846015  0.99171448  0.00061597  0.0550524 ]
 [ 0.20431331  0.02707318 -0.9785311   0.01832125]]

Camera points (input), A.T:
[[-0.02597263 -0.04166139  0.18097134]
 [-0.01111678 -0.04118812  0.18375528]
 [ 0.00413246 -0.04192169  0.19140913]
 [-0.03404066 -0.03470446  0.18078572]
 [-0.0192291  -0.03410785  0.18347285]
 [-0.00420263 -0.03405254  0.18886133]
 [ 0.01138859 -0.0330836   0.18886133]
 [ 0.02539384 -0.03034205  0.17892772]
 [-0.02687351 -0.02669411  0.18078572]
 [-0.01220975 -0.02642931  0.18604431]
 [ 0.00315172 -0.02549747  0.18620979]
 [ 0.01869973 -0.0248916   0.18886133]
 [-0.03432847 -0.01938202  0.17790744]
 [-0.02006366 -0.01902696  0.18327944]
 [-0.00500766 -0.0183595   0.18604431]
 [ 0.01036021 -0.01742049  0.18620979]
 [ 0.02601087 -0.01678769  0.18886133]
 [-0.02814947 -0.01191708  0.18305164]
 [-0.01288312 -0.0109916   0.18327944]
 [ 0.00222561 -0.01043595  0.18868869]
 [ 0.01781887 -0.00956464  0.18886133]
 [-0.03630534 -0.00475137  0.18327944]
 [-0.02129771 -0.00395104  0.18584266]
 [-0.00586902 -0.00308426  0.18584266]
 [ 0.00948328 -0.00221989  0.18604431]
 [ 0.02475517 -0.00143894  0.18604431]
 [-0.02903933  0.00328399  0.18327944]
 [-0.01399884  0.00410477  0.18560518]
 [ 0.0013267   0.0049822   0.18604431]
 [ 0.01668537  0.00576315  0.18604431]
 [-0.03711398  0.01045152  0.18305164]
 [-0.02213617  0.01137642  0.18560518]
 [-0.00674311  0.01227106  0.18604431]
 [ 0.00861556  0.01305201  0.18604431]
 [ 0.02388745  0.01374618  0.18604431]]
Robot points (target), B.T:
[[ 0.06257181  0.0161751  -0.16705327]
 [ 0.04746295  0.01539069 -0.16539046]
 [ 0.03209698  0.01396399 -0.16335252]
 [ 0.06990868  0.02471479 -0.16849027]
 [ 0.05428367  0.02333866 -0.16639264]
 [ 0.03877349  0.02294863 -0.16450016]
 [ 0.02365218  0.02121116 -0.1629019 ]
 [ 0.00865905  0.02041495 -0.16106295]
 [ 0.06111814  0.0317966  -0.16745543]
 [ 0.04583397  0.03065458 -0.16531607]
 [ 0.03127338  0.02917108 -0.1636865 ]
 [ 0.01579386  0.02815671 -0.16141822]
 [ 0.06921072  0.04007185 -0.16796541]
 [ 0.0535705   0.03902204 -0.16572475]
 [ 0.03801505  0.03749907 -0.16425675]
 [ 0.0228784   0.03641394 -0.16220419]
 [ 0.00795689  0.0356358  -0.16062646]
 [ 0.06011281  0.04743986 -0.16702547]
 [ 0.04500697  0.04579509 -0.1650283 ]
 [ 0.02989337  0.04463474 -0.1634896 ]
 [ 0.01504095  0.04343554 -0.16135097]
 [ 0.06778655  0.05547665 -0.16766435]
 [ 0.05230197  0.05419696 -0.16597165]
 [ 0.03685074  0.05264093 -0.16442379]
 [ 0.0218735   0.05144914 -0.16221369]
 [ 0.00634826  0.05034601 -0.16072365]
 [ 0.0594678   0.06240406 -0.1669538 ]
 [ 0.04370038  0.06133117 -0.16498715]
 [ 0.0287419   0.05966502 -0.16342007]
 [ 0.01383709  0.05865672 -0.16134255]
 [ 0.06673284  0.07121042 -0.16809765]
 [ 0.05150494  0.06973144 -0.16599156]
 [ 0.03635497  0.06792884 -0.16416319]
 [ 0.02084677  0.06703201 -0.16226303]
 [ 0.0061974   0.06588059 -0.16066504]]
Predicted robot points:
[[ 0.06245675  0.01718412 -0.1651993 ]
 [ 0.04740683  0.0157468  -0.16487541]
 [ 0.03112303  0.0130651  -0.16926917]
 [ 0.06945092  0.02511971 -0.16647772]
 [ 0.05444845  0.02381034 -0.16606481]
 [ 0.03874866  0.02193821 -0.168266  ]
 [ 0.02349663  0.02089627 -0.16505428]
 [ 0.01160841  0.02180987 -0.15239824]
 [ 0.06148971  0.032143   -0.16479651]
 [ 0.04614237  0.03052514 -0.16693904]
 [ 0.03108387  0.02947602 -0.16393718]
 [ 0.01537289  0.02808121 -0.16333873]
 [ 0.06839929  0.0403504  -0.16330521]
 [ 0.0534044   0.03887337 -0.16563777]
 [ 0.0381398   0.0376029  -0.16524908]
 [ 0.02307418  0.03656008 -0.16224572]
 [ 0.00726021  0.03517878 -0.16162557]
 [ 0.06040531  0.0469629  -0.16687442]
 [ 0.04542706  0.04591974 -0.16395315]
 [ 0.02958033  0.04453325 -0.16614432]
 [ 0.01430301  0.04339433 -0.16310375]
 [ 0.0673733   0.05511708 -0.16856968]
 [ 0.05218052  0.05398448 -0.16798995]
 [ 0.03709904  0.0528621  -0.16481419]
 [ 0.02205045  0.05174728 -0.16185144]
 [ 0.00713193  0.05055993 -0.15871004]
 [ 0.05931302  0.06215247 -0.16686759]
 [ 0.04413473  0.06103578 -0.16604822]
 [ 0.02906151  0.05993749 -0.16332295]
 [ 0.01405878  0.05873899 -0.16016383]
 [ 0.06629586  0.07029775 -0.1681004 ]
 [ 0.05111837  0.06929251 -0.16751391]
 [ 0.03597747  0.06820261 -0.16477439]
 [ 0.02097474  0.06700411 -0.16161526]
 [ 0.00606711  0.0657307  -0.15847622]]
Raw errors, B-B_pred:
[[ 0.00011507 -0.00100902 -0.00185397]
 [ 0.00005612 -0.0003561  -0.00051505]
 [ 0.00097394  0.00089889  0.00591665]
 [ 0.00045776 -0.00040493 -0.00201254]
 [-0.00016478 -0.00047168 -0.00032783]
 [ 0.00002484  0.00101042  0.00376585]
 [ 0.00015555  0.00031488  0.00215238]
 [-0.00294936 -0.00139492 -0.00866471]
 [-0.00037157 -0.0003464  -0.00265892]
 [-0.00030841  0.00012944  0.00162297]
 [ 0.00018952 -0.00030494  0.00025068]
 [ 0.00042097  0.0000755   0.00192051]
 [ 0.00081143 -0.00027855 -0.0046602 ]
 [ 0.00016611  0.00014868 -0.00008697]
 [-0.00012476 -0.00010383  0.00099233]
 [-0.00019578 -0.00014613  0.00004153]
 [ 0.00069668  0.00045702  0.00099911]
 [-0.0002925   0.00047696 -0.00015105]
 [-0.0004201  -0.00012465 -0.00107515]
 [ 0.00031304  0.00010149  0.00265472]
 [ 0.00073794  0.00004121  0.00175278]
 [ 0.00041325  0.00035956  0.00090533]
 [ 0.00012146  0.00021248  0.0020183 ]
 [-0.0002483  -0.00022118  0.0003904 ]
 [-0.00017695 -0.00029814 -0.00036225]
 [-0.00078367 -0.00021393 -0.0020136 ]
 [ 0.00015478  0.00025159 -0.00008621]
 [-0.00043434  0.00029539  0.00106107]
 [-0.00031962 -0.00027247 -0.00009712]
 [-0.00022169 -0.00008228 -0.00117872]
 [ 0.00043698  0.00091267  0.00000275]
 [ 0.00038658  0.00043894  0.00152235]
 [ 0.0003775  -0.00027376  0.00061119]
 [-0.00012797  0.0000279  -0.00064776]
 [ 0.00013029  0.00014989 -0.00218882]]
Mean abs error per dim: [ 0.00040799  0.00036017  0.00163319]
Residual (L2) for each:
[ 0.00000447  0.0000004   0.00003676  0.00000442  0.00000036  0.0000152
  0.00000476  0.00008572  0.00000733  0.00000275  0.00000019  0.00000387
  0.00002245  0.00000006  0.00000101  0.00000006  0.00000169  0.00000034
  0.00000135  0.00000716  0.00000362  0.00000112  0.00000413  0.00000026
  0.00000025  0.00000471  0.00000009  0.0000014   0.00000019  0.00000145
  0.00000102  0.00000266  0.00000059  0.00000044  0.00000483]
loss on data: 6.48888360949e-06
End of debug prints for rigid transformation.


Begin debug prints for RFs:
X_train:
[[-0.02597263 -0.04166139  0.18097134]
 [-0.01111678 -0.04118812  0.18375528]
 [ 0.00413246 -0.04192169  0.19140913]
 [-0.03404066 -0.03470446  0.18078572]
 [-0.0192291  -0.03410785  0.18347285]
 [-0.00420263 -0.03405254  0.18886133]
 [ 0.01138859 -0.0330836   0.18886133]
 [ 0.02539384 -0.03034205  0.17892772]
 [-0.02687351 -0.02669411  0.18078572]
 [-0.01220975 -0.02642931  0.18604431]
 [ 0.00315172 -0.02549747  0.18620979]
 [ 0.01869973 -0.0248916   0.18886133]
 [-0.03432847 -0.01938202  0.17790744]
 [-0.02006366 -0.01902696  0.18327944]
 [-0.00500766 -0.0183595   0.18604431]
 [ 0.01036021 -0.01742049  0.18620979]
 [ 0.02601087 -0.01678769  0.18886133]
 [-0.02814947 -0.01191708  0.18305164]
 [-0.01288312 -0.0109916   0.18327944]
 [ 0.00222561 -0.01043595  0.18868869]
 [ 0.01781887 -0.00956464  0.18886133]
 [-0.03630534 -0.00475137  0.18327944]
 [-0.02129771 -0.00395104  0.18584266]
 [-0.00586902 -0.00308426  0.18584266]
 [ 0.00948328 -0.00221989  0.18604431]
 [ 0.02475517 -0.00143894  0.18604431]
 [-0.02903933  0.00328399  0.18327944]
 [-0.01399884  0.00410477  0.18560518]
 [ 0.0013267   0.0049822   0.18604431]
 [ 0.01668537  0.00576315  0.18604431]
 [-0.03711398  0.01045152  0.18305164]
 [-0.02213617  0.01137642  0.18560518]
 [-0.00674311  0.01227106  0.18604431]
 [ 0.00861556  0.01305201  0.18604431]
 [ 0.02388745  0.01374618  0.18604431]]
Y_train:
[[-0.00011507  0.00100902  0.00185397]
 [-0.00005612  0.0003561   0.00051505]
 [-0.00097394 -0.00089889 -0.00591665]
 [-0.00045776  0.00040493  0.00201254]
 [ 0.00016478  0.00047168  0.00032783]
 [-0.00002484 -0.00101042 -0.00376585]
 [-0.00015555 -0.00031488 -0.00215238]
 [ 0.00294936  0.00139492  0.00866471]
 [ 0.00037157  0.0003464   0.00265892]
 [ 0.00030841 -0.00012944 -0.00162297]
 [-0.00018952  0.00030494 -0.00025068]
 [-0.00042097 -0.0000755  -0.00192051]
 [-0.00081143  0.00027855  0.0046602 ]
 [-0.00016611 -0.00014868  0.00008697]
 [ 0.00012476  0.00010383 -0.00099233]
 [ 0.00019578  0.00014613 -0.00004153]
 [-0.00069668 -0.00045702 -0.00099911]
 [ 0.0002925  -0.00047696  0.00015105]
 [ 0.0004201   0.00012465  0.00107515]
 [-0.00031304 -0.00010149 -0.00265472]
 [-0.00073794 -0.00004121 -0.00175278]
 [-0.00041325 -0.00035956 -0.00090533]
 [-0.00012146 -0.00021248 -0.0020183 ]
 [ 0.0002483   0.00022118 -0.0003904 ]
 [ 0.00017695  0.00029814  0.00036225]
 [ 0.00078367  0.00021393  0.0020136 ]
 [-0.00015478 -0.00025159  0.00008621]
 [ 0.00043434 -0.00029539 -0.00106107]
 [ 0.00031962  0.00027247  0.00009712]
 [ 0.00022169  0.00008228  0.00117872]
 [-0.00043698 -0.00091267 -0.00000275]
 [-0.00038658 -0.00043894 -0.00152235]
 [-0.0003775   0.00027376 -0.00061119]
 [ 0.00012797 -0.0000279   0.00064776]
 [-0.00013029 -0.00014989  0.00218882]]
Y_pred:
[[-0.00009629  0.00058591  0.00200515]
 [ 0.00009965  0.00020272  0.00031928]
 [-0.00075197 -0.00072906 -0.00484352]
 [-0.00012744  0.00050591  0.00217653]
 [ 0.00007638  0.00012678  0.00028764]
 [-0.00017712 -0.00066687 -0.00313812]
 [-0.00037385 -0.00026967 -0.00240417]
 [ 0.00153704  0.0009282   0.00611242]
 [-0.00001432  0.0004772   0.00216741]
 [ 0.00014293 -0.0000568  -0.00103745]
 [ 0.00008087  0.00020232 -0.00013211]
 [-0.0004429  -0.00017962 -0.00207287]
 [ 0.00006698  0.00052861  0.005084  ]
 [ 0.00002318 -0.00007419  0.00009632]
 [ 0.00008344  0.00015282 -0.00045232]
 [ 0.0001176   0.00018235  0.00010008]
 [-0.0004194  -0.00021184 -0.00129701]
 [-0.00006775 -0.0003099  -0.00001713]
 [ 0.00016473  0.00013097  0.00038498]
 [-0.00034484 -0.0002398  -0.00233333]
 [-0.00045191 -0.000178   -0.00206699]
 [-0.00025364 -0.00040653 -0.00035471]
 [-0.000066   -0.00025309 -0.0014692 ]
 [ 0.00008376  0.00014779 -0.00043574]
 [ 0.00013152  0.00018757  0.00012438]
 [ 0.00039336  0.00010967  0.00178831]
 [-0.00013355 -0.00034852 -0.00015059]
 [ 0.00012529 -0.00007851 -0.00092379]
 [ 0.00010691  0.00020095 -0.0001055 ]
 [ 0.00022352  0.0001233   0.00088225]
 [-0.00026033 -0.00046868 -0.0002734 ]
 [-0.00008141 -0.00026608 -0.00142863]
 [ 0.0000616   0.0001621  -0.00038914]
 [ 0.00013076  0.00016087  0.00024986]
 [ 0.00029649  0.00004557  0.0018265 ]]
abs_mean_err: [ 0.0002443   0.00015646  0.00037539]
End debug prints for RFs


What if we COMBINE the rigid body with the RF?:
Predictions, B_pred-errors transposed (Rigid+RF):
[[ 0.06255303  0.01659821 -0.16720444]
 [ 0.04730719  0.01554408 -0.16519469]
 [ 0.031875    0.01379416 -0.16442565]
 [ 0.06957836  0.02461381 -0.16865425]
 [ 0.05437207  0.02368356 -0.16635245]
 [ 0.03892577  0.02260507 -0.16512788]
 [ 0.02387048  0.02116594 -0.16265011]
 [ 0.01007137  0.02088167 -0.15851067]
 [ 0.06150402  0.0316658  -0.16696392]
 [ 0.04599944  0.03058194 -0.16590158]
 [ 0.031003    0.0292737  -0.16380508]
 [ 0.01581579  0.02826083 -0.16126586]
 [ 0.06833231  0.03982179 -0.16838921]
 [ 0.05338122  0.03894756 -0.16573409]
 [ 0.03805636  0.03745008 -0.16479675]
 [ 0.02295658  0.03637773 -0.1623458 ]
 [ 0.00767961  0.03539063 -0.16032856]
 [ 0.06047306  0.0472728  -0.16685729]
 [ 0.04526233  0.04578876 -0.16433813]
 [ 0.02992517  0.04477305 -0.16381098]
 [ 0.01475492  0.04357233 -0.16103677]
 [ 0.06762694  0.05552361 -0.16821497]
 [ 0.05224652  0.05423757 -0.16652074]
 [ 0.03701529  0.05271432 -0.16437845]
 [ 0.02191894  0.05155972 -0.16197582]
 [ 0.00673857  0.05045027 -0.16049835]
 [ 0.05944657  0.06250099 -0.166717  ]
 [ 0.04400943  0.06111429 -0.16512442]
 [ 0.0289546   0.05973655 -0.16321745]
 [ 0.01383526  0.0586157  -0.16104607]
 [ 0.06655619  0.07076642 -0.167827  ]
 [ 0.05119978  0.06955859 -0.16608529]
 [ 0.03591587  0.0680405  -0.16438524]
 [ 0.02084398  0.06684324 -0.16186513]
 [ 0.00577062  0.06568514 -0.16030272]]
NEW raw errors:
[[-0.00001878  0.00042311 -0.00015117]
 [-0.00015576  0.00015339  0.00019577]
 [-0.00022198 -0.00016983 -0.00107313]
 [-0.00033032 -0.00010098 -0.00016399]
 [ 0.0000884   0.0003449   0.00004019]
 [ 0.00015228 -0.00034355 -0.00062773]
 [ 0.0002183  -0.00004521  0.0002518 ]
 [ 0.00141231  0.00046672  0.00255229]
 [ 0.00038588 -0.0001308   0.00049151]
 [ 0.00016547 -0.00007265 -0.00058551]
 [-0.00027038  0.00010261 -0.00011857]
 [ 0.00002193  0.00010412  0.00015236]
 [-0.00087841 -0.00025006 -0.00042381]
 [-0.00018929 -0.00007449 -0.00000934]
 [ 0.00004132 -0.00004899 -0.00054   ]
 [ 0.00007818 -0.00003622 -0.00014161]
 [-0.00027728 -0.00024518  0.0002979 ]
 [ 0.00036025 -0.00016706  0.00016818]
 [ 0.00025536 -0.00000633  0.00069017]
 [ 0.0000318   0.00013831 -0.00032138]
 [-0.00028603  0.00013679  0.0003142 ]
 [-0.00015961  0.00004696 -0.00055063]
 [-0.00005545  0.00004061 -0.00054909]
 [ 0.00016455  0.00007339  0.00004535]
 [ 0.00004544  0.00011057  0.00023787]
 [ 0.00039031  0.00010426  0.0002253 ]
 [-0.00002122  0.00009693  0.0002368 ]
 [ 0.00030905 -0.00021688 -0.00013728]
 [ 0.0002127   0.00007152  0.00020262]
 [-0.00000184 -0.00004102  0.00029647]
 [-0.00017665 -0.00044399  0.00027065]
 [-0.00030517 -0.00017286 -0.00009372]
 [-0.0004391   0.00011166 -0.00022205]
 [-0.00000279 -0.00018877  0.0003979 ]
 [-0.00042678 -0.00019545  0.00036231]]
avg abs err for RB:    0.000800449151847
avg abs err for RB+RF: 0.000258716395192
Mean abs error per dim: [ 0.0002443   0.00015646  0.00037539]
End of debug prints for rigid transform PLUS RF...


Begin debug prints:
(left pixels) A.shape: (35, 3), and A:
[[  809.   106.     1.]
 [  987.   119.     1.]
 [ 1163.   130.     1.]
 [  713.   188.     1.]
 [  892.   201.     1.]
 [ 1069.   213.     1.]
 [ 1246.   224.     1.]
 [ 1421.   236.     1.]
 [  798.   283.     1.]
 [  976.   295.     1.]
 [ 1153.   306.     1.]
 [ 1329.   317.     1.]
 [  703.   366.     1.]
 [  882.   377.     1.]
 [ 1059.   388.     1.]
 [ 1236.   399.     1.]
 [ 1412.   409.     1.]
 [  787.   460.     1.]
 [  966.   471.     1.]
 [ 1142.   481.     1.]
 [ 1319.   491.     1.]
 [  692.   544.     1.]
 [  871.   554.     1.]
 [ 1049.   564.     1.]
 [ 1226.   574.     1.]
 [ 1402.   583.     1.]
 [  777.   638.     1.]
 [  955.   647.     1.]
 [ 1132.   657.     1.]
 [ 1309.   666.     1.]
 [  682.   722.     1.]
 [  861.   731.     1.]
 [ 1039.   741.     1.]
 [ 1216.   750.     1.]
 [ 1392.   758.     1.]]
(right pixels) B.shape: (35, 3), and B:
[[  736.   111.     1.]
 [  915.   122.     1.]
 [ 1094.   135.     1.]
 [  640.   194.     1.]
 [  820.   206.     1.]
 [  999.   217.     1.]
 [ 1176.   228.     1.]
 [ 1347.   237.     1.]
 [  725.   289.     1.]
 [  905.   300.     1.]
 [ 1082.   310.     1.]
 [ 1259.   321.     1.]
 [  629.   374.     1.]
 [  810.   383.     1.]
 [  988.   393.     1.]
 [ 1165.   403.     1.]
 [ 1342.   413.     1.]
 [  715.   467.     1.]
 [  894.   477.     1.]
 [ 1072.   486.     1.]
 [ 1249.   495.     1.]
 [  620.   550.     1.]
 [  800.   560.     1.]
 [  978.   570.     1.]
 [ 1155.   579.     1.]
 [ 1331.   588.     1.]
 [  705.   644.     1.]
 [  884.   654.     1.]
 [ 1061.   662.     1.]
 [ 1238.   671.     1.]
 [  610.   729.     1.]
 [  790.   738.     1.]
 [  968.   746.     1.]
 [ 1145.   755.     1.]
 [ 1321.   763.     1.]]
theta for LEFT to RIGHT:
[[  1.00257879  -0.00421421]
 [  0.00069508   1.00297012]
 [-74.35390657   8.26322234]]
theta for RIGHT to LEFT:
[[  0.99740822   0.0041881 ]
 [ -0.00069449   0.99702336]
 [ 74.18594546  -7.91878172]]
abs_errors l2r (remember, these are pixels):
[[ 0.80600939  0.16876018]
 [ 0.27406929  1.4572426 ]
 [ 2.26441853  1.2517868 ]
 [ 0.61544216  0.1831261 ]
 [ 0.08608085  0.10114211]
 [ 1.44913311  0.39086862]
 [ 0.98504214  0.32237499]
 [ 3.47458633  1.97577994]
 [ 0.9006712   0.25917259]
 [ 0.63196397  0.02633971]
 [ 0.16787301  0.3130961 ]
 [ 0.70636083  0.3959333 ]
 [ 1.71337783  1.61230297]
 [ 0.18262637  0.33397499]
 [ 0.35328267  0.0472186 ]
 [ 0.1108083   0.23953779]
 [ 0.4283746   0.47246172]
 [ 0.004667    0.68710537]
 [ 0.46458154  0.40877739]
 [ 1.07460136  0.12077691]
 [ 0.61120547  0.16300937]
 [ 0.19126529  0.96273437]
 [ 0.72271182  0.23809223]
 [ 0.25673715  0.4823357 ]
 [ 0.20665874  0.19854943]
 [ 0.66678077  0.91351906]
 [ 0.09326867  0.88371777]
 [ 0.44145173  0.83968029]
 [ 0.02194416  0.44410599]
 [ 0.48464497  0.27507785]
 [ 0.09332962  0.53355751]
 [ 0.62547123  0.19405475]
 [ 0.15949656  1.08551732]
 [ 0.30320426  0.36633347]
 [ 0.76263121  0.35160628]]
abs_errors r2l (remember, these are pixels):
[[ 0.79869484  0.16674873]
 [ 0.27026335  1.44982232]
 [ 2.25677916  1.26115082]
 [ 0.60752602  0.18413317]
 [ 0.08238081  0.09772896]
 [ 1.44605068  0.38080255]
 [ 0.97966573  0.32774767]
 [ 3.46977955  1.98287743]
 [ 0.89380377  0.25734104]
 [ 0.63203593  0.02154446]
 [ 0.16634547  0.31001761]
 [ 0.69996052  0.39853261]
 [ 1.70402393  1.60226967]
 [ 0.17938704  0.33352554]
 [ 0.35233072  0.04924049]
 [ 0.11335975  0.23923266]
 [ 0.42094979  0.47229419]
 [ 0.00849551  0.6856189 ]
 [ 0.46237852  0.40552195]
 [ 1.07003372  0.12421353]
 [ 0.60503775  0.16128298]
 [ 0.19707255  0.9593111 ]
 [ 0.72360673  0.23521996]
 [ 0.25532449  0.48049499]
 [ 0.20967149  0.19499847]
 [ 0.67207568  0.90531386]
 [ 0.08851072  0.8831266 ]
 [ 0.44061525  0.83677645]
 [ 0.02368624  0.44574343]
 [ 0.48868222  0.26876005]
 [ 0.09867734  0.53400987]
 [ 0.62590602  0.1930579 ]
 [ 0.15901274  1.08527388]
 [ 0.30598323  0.37077039]
 [ 0.76769294  0.34252163]]
End of debug prints.


Assuming we ONLY have the left pixels, we still predict the robot points.
pred points:
[[ 0.06238164  0.01676962 -0.16720809]
 [ 0.04734641  0.0156384  -0.16538062]
 [ 0.03229089  0.01434891 -0.16353339]
 [ 0.06945207  0.02486075 -0.16807651]
 [ 0.0544322   0.0237762  -0.16626632]
 [ 0.03937629  0.02261809 -0.16443507]
 [ 0.02411939  0.02136049 -0.16256202]
 [ 0.00881352  0.02019993 -0.1606662 ]
 [ 0.06139028  0.03185203 -0.16712231]
 [ 0.04634643  0.0307411  -0.16530786]
 [ 0.03118354  0.02954269 -0.16346207]
 [ 0.01589404  0.02834177 -0.16158376]
 [ 0.06837571  0.03997299 -0.16796768]
 [ 0.05335822  0.03882642 -0.16617154]
 [ 0.03829199  0.03768808 -0.16435303]
 [ 0.02301119  0.03653489 -0.16249168]
 [ 0.0076144   0.03529221 -0.16059854]
 [ 0.06039808  0.04695634 -0.16702457]
 [ 0.04526192  0.04585661 -0.16521307]
 [ 0.03017355  0.04469028 -0.16339051]
 [ 0.01478494  0.04349646 -0.16151448]
 [ 0.06738072  0.05511684 -0.16785668]
 [ 0.05235677  0.05399546 -0.16607385]
 [ 0.03719686  0.05286875 -0.16425821]
 [ 0.02190399  0.05173704 -0.1624097 ]
 [ 0.00649287  0.05051377 -0.16052932]
 [ 0.05931106  0.06215386 -0.16690372]
 [ 0.04426197  0.06100555 -0.16511662]
 [ 0.02906756  0.05993676 -0.16329566]
 [ 0.01366599  0.0587652  -0.16143254]
 [ 0.06630197  0.07026695 -0.16772388]
 [ 0.05127112  0.06917299 -0.16595419]
 [ 0.0360911   0.06815779 -0.16415039]
 [ 0.02078677  0.06705058 -0.16231487]
 [ 0.00536189  0.06584976 -0.16044741]]
true points:
[[ 0.06257181  0.0161751  -0.16705327]
 [ 0.04746295  0.01539069 -0.16539046]
 [ 0.03209698  0.01396399 -0.16335252]
 [ 0.06990868  0.02471479 -0.16849027]
 [ 0.05428367  0.02333866 -0.16639264]
 [ 0.03877349  0.02294863 -0.16450016]
 [ 0.02365218  0.02121116 -0.1629019 ]
 [ 0.00865905  0.02041495 -0.16106295]
 [ 0.06111814  0.0317966  -0.16745543]
 [ 0.04583397  0.03065458 -0.16531607]
 [ 0.03127338  0.02917108 -0.1636865 ]
 [ 0.01579386  0.02815671 -0.16141822]
 [ 0.06921072  0.04007185 -0.16796541]
 [ 0.0535705   0.03902204 -0.16572475]
 [ 0.03801505  0.03749907 -0.16425675]
 [ 0.0228784   0.03641394 -0.16220419]
 [ 0.00795689  0.0356358  -0.16062646]
 [ 0.06011281  0.04743986 -0.16702547]
 [ 0.04500697  0.04579509 -0.1650283 ]
 [ 0.02989337  0.04463474 -0.1634896 ]
 [ 0.01504095  0.04343554 -0.16135097]
 [ 0.06778655  0.05547665 -0.16766435]
 [ 0.05230197  0.05419696 -0.16597165]
 [ 0.03685074  0.05264093 -0.16442379]
 [ 0.0218735   0.05144914 -0.16221369]
 [ 0.00634826  0.05034601 -0.16072365]
 [ 0.0594678   0.06240406 -0.1669538 ]
 [ 0.04370038  0.06133117 -0.16498715]
 [ 0.0287419   0.05966502 -0.16342007]
 [ 0.01383709  0.05865672 -0.16134255]
 [ 0.06673284  0.07121042 -0.16809765]
 [ 0.05150494  0.06973144 -0.16599156]
 [ 0.03635497  0.06792884 -0.16416319]
 [ 0.02084677  0.06703201 -0.16226303]
 [ 0.0061974   0.06588059 -0.16066504]]
mean abs err: [ 0.00029148  0.00025128  0.00016187]
mean err: [ 0.00000253  0.00000345  0.0000222 ]
Done w/debugging.


Assuming we ONLY have the left pixels, we still predict the robot points.
pred points:
[[ 0.06323242  0.01939016 -0.16731743]
 [ 0.06360864  0.01643835 -0.16735541]
 [ 0.06274019  0.01794113 -0.16725443]]
Done w/debugging.

