
Some debug prints:
robot points in left/right camera (we'll average later):
(0, array([ 0.06368692,  0.01827124, -0.17164036]), array([ 0.06404431,  0.01814675, -0.17081248]))
(1, array([ 0.04808676,  0.01655407, -0.16907767]), array([ 0.04857687,  0.01601314, -0.16931193]))
(2, array([ 0.03279431,  0.01546403, -0.16749206]), array([ 0.03331048,  0.01514329, -0.167093  ]))
(3, array([ 0.0173627 ,  0.0139522 , -0.16573066]), array([ 0.01778916,  0.01328262, -0.16555603]))
(4, array([ 0.07109447,  0.02625326, -0.17168939]), array([ 0.07086481,  0.02616025, -0.17173333]))
(5, array([ 0.05546251,  0.02518614, -0.17007777]), array([ 0.0554515 ,  0.02460952, -0.17001158]))
(6, array([ 0.03976087,  0.02398636, -0.16800855]), array([ 0.03931884,  0.02349476, -0.16804216]))
(7, array([ 0.02444996,  0.02213842, -0.16609167]), array([ 0.02417845,  0.02194352, -0.16713876]))
(8, array([ 0.00890066,  0.0208003 , -0.16488762]), array([ 0.00925577,  0.02068453, -0.16426513]))
(9, array([ 0.06257754,  0.03377749, -0.17104453]), array([ 0.0622465 ,  0.03329303, -0.17024601]))
(10, array([ 0.04694824,  0.03164749, -0.16865746]), array([ 0.04675279,  0.03196129, -0.16845569]))
(11, array([ 0.0323754 ,  0.030366  , -0.16666232]), array([ 0.03060092,  0.03061989, -0.16739151]))
(12, array([ 0.01578837,  0.02873865, -0.16537014]), array([ 0.01620592,  0.02887982, -0.16541231]))
(13, array([ 0.06968452,  0.04170226, -0.17111947]), array([ 0.06996797,  0.04239842, -0.17062124]))
(14, array([ 0.05394725,  0.0406561 , -0.16959085]), array([ 0.05375429,  0.04002606, -0.16963884]))
(15, array([ 0.03865355,  0.03927549, -0.16772711]), array([ 0.038779  ,  0.03874552, -0.16755683]))
(16, array([ 0.02381877,  0.03770045, -0.16559383]), array([ 0.0227998 ,  0.03685367, -0.16657059]))
(17, array([ 0.00827609,  0.03615529, -0.16460781]), array([ 0.00753495,  0.03610868, -0.16407315]))
(18, array([ 0.06116007,  0.0490815 , -0.17014216]), array([ 0.06130308,  0.04881621, -0.17011428]))
(19, array([ 0.04547514,  0.04741917, -0.16837267]), array([ 0.04523939,  0.04758212, -0.16849462]))
(20, array([ 0.02983327,  0.04587714, -0.16694239]), array([ 0.0302598 ,  0.04582776, -0.16684371]))
(21, array([ 0.01465066,  0.04411534, -0.16513515]), array([ 0.01489934,  0.04398655, -0.16459108]))
(22, array([ 0.068818  ,  0.05759215, -0.1706758 ]), array([ 0.06834205,  0.05691669, -0.1714248 ]))
(23, array([ 0.05210711,  0.05626867, -0.16907564]), array([ 0.05264588,  0.05601995, -0.16902129]))
(24, array([ 0.0369688 ,  0.05393835, -0.16771132]), array([ 0.03726863,  0.05440299, -0.1669569 ]))
(25, array([ 0.0212643 ,  0.05267868, -0.16581303]), array([ 0.02207584,  0.05281225, -0.16539559]))
(26, array([ 0.00695355,  0.05129171, -0.16409906]), array([ 0.00627907,  0.05146612, -0.16402547]))
(27, array([ 0.0597742 ,  0.06462612, -0.1704219 ]), array([ 0.05947465,  0.06517267, -0.16964666]))
(28, array([ 0.04382234,  0.06263889, -0.16773535]), array([ 0.04403759,  0.06323389, -0.16792769]))
(29, array([ 0.02883223,  0.06130639, -0.16662086]), array([ 0.0281817 ,  0.06124878, -0.1670636 ]))
(30, array([ 0.01367144,  0.05943279, -0.16463954]), array([ 0.01346741,  0.05998882, -0.16522658]))
(31, array([ 0.06664175,  0.07297165, -0.17094343]), array([ 0.06675041,  0.07341542, -0.17055794]))
(32, array([ 0.05086608,  0.07199236, -0.16861196]), array([ 0.05072192,  0.07219643, -0.1684511 ]))
(33, array([ 0.03588668,  0.07027482, -0.16676519]), array([ 0.03528055,  0.0701849 , -0.16690069]))
(34, array([ 0.0204692 ,  0.06847813, -0.16567907]), array([ 0.01973107,  0.06871496, -0.16566208]))
(35, array([ 0.00474245,  0.06727548, -0.16399943]), array([ 0.00512641,  0.06663726, -0.16387595]))
pixel pts in left/right camera:
(0, (795, 135), (724, 139))
(1, (973, 145), (904, 147))
(2, (1149, 156), (1081, 156))
(3, (1324, 162), (1258, 164))
(4, (701, 220), (630, 223))
(5, (881, 229), (811, 232))
(6, (1058, 237), (989, 240))
(7, (1233, 246), (1165, 248))
(8, (1407, 253), (1340, 255))
(9, (788, 312), (717, 317))
(10, (966, 321), (897, 324))
(11, (1142, 329), (1073, 332))
(12, (1317, 336), (1249, 339))
(13, (693, 397), (623, 402))
(14, (874, 405), (803, 410))
(15, (1051, 412), (982, 416))
(16, (1226, 420), (1158, 423))
(17, (1401, 427), (1333, 429))
(18, (780, 489), (710, 494))
(19, (959, 497), (890, 501))
(20, (1135, 503), (1066, 507))
(21, (1310, 510), (1242, 513))
(22, (686, 574), (616, 580))
(23, (866, 581), (797, 586))
(24, (1037, 586), (975, 592))
(25, (1220, 594), (1151, 598))
(26, (1395, 600), (1326, 604))
(27, (773, 667), (703, 672))
(28, (952, 673), (883, 678))
(29, (1128, 679), (1059, 683))
(30, (1304, 685), (1235, 689))
(31, (678, 754), (609, 759))
(32, (859, 759), (790, 764))
(33, (1037, 765), (968, 770))
(34, (1213, 771), (1144, 774))
(35, (1388, 776), (1319, 779))
camera points:
(0, array([-0.02794033, -0.0403487 ,  0.18620979]))
(1, array([-0.0128579 , -0.0406719 ,  0.19183045]))
(2, array([ 0.00293268, -0.04028828,  0.19473324]))
(3, array([ 0.01938862, -0.04092889,  0.20054219]))
(4, array([-0.03612918, -0.03298935,  0.1863388 ]))
(5, array([-0.02077759, -0.03266643,  0.18899594]))
(6, array([-0.00525012, -0.03242358,  0.19172988]))
(7, array([ 0.01055739, -0.03210018,  0.19464906]))
(8, array([ 0.02674705, -0.03193389,  0.19755171]))
(9, array([-0.02852291, -0.02495418,  0.18604431]))
(10, array([-0.01347712, -0.02491197,  0.19172988]))
(11, array([ 0.00226148, -0.02419658,  0.19172988]))
(12, array([ 0.01817355, -0.02391657,  0.194544  ]))
(13, array([-0.03728884, -0.01782841,  0.18868869]))
(14, array([-0.02106051, -0.01688437,  0.18604431]))
(15, array([-0.00587178, -0.0167621 ,  0.19158935]))
(16, array([ 0.00991654, -0.01629471,  0.194544  ]))
(17, array([ 0.02580934, -0.01566801,  0.19464906]))
(18, array([-0.02963237, -0.0097319 ,  0.18868869]))
(19, array([-0.01409275, -0.00916664,  0.19158935]))
(20, array([ 0.00163432, -0.00863049,  0.19158935]))
(21, array([ 0.0175384 , -0.00812844,  0.194544  ]))
(22, array([-0.03786262, -0.00224893,  0.18847833]))
(23, array([-0.02238201, -0.00165898,  0.19140913]))
(24, array([-0.00790337, -0.00134676,  0.21258525]))
(25, array([ 0.00922978, -0.00049888,  0.19158935]))
(26, array([ 0.02486749,  0.00003727,  0.19158935]))
(27, array([-0.03024841,  0.00593307,  0.18868869]))
(28, array([-0.01470442,  0.00655426,  0.19140913]))
(29, array([ 0.00100881,  0.00709658,  0.19158935]))
(30, array([ 0.01673588,  0.00763273,  0.19158935]))
(31, array([-0.03916557,  0.01378547,  0.19140913]))
(32, array([-0.02300693,  0.01423185,  0.19140913]))
(33, array([-0.0071161 ,  0.01476749,  0.19140913]))
(34, array([ 0.00861058,  0.01532878,  0.19172988]))
(35, array([ 0.02425976,  0.0157759 ,  0.19172988]))
(camera) points_3d.shape: (36, 3)
End of debug prints.


Begin debug prints for rigid transformation:
meanA:
[[-0.00598942]
 [-0.01238988]
 [ 0.19208808]]
meanB:
[[ 0.03816838]
 [ 0.0432899 ]
 [-0.16770228]]
Rotation R:
[[-0.966829   -0.1298042  -0.21998309]
 [-0.1325473   0.99117399 -0.00230916]
 [ 0.21834125  0.0269256  -0.97550095]]
and R^TR (should be identity):
[[ 1.  0.  0.]
 [ 0.  1.  0.]
 [ 0.  0.  1.]]
translation t:
[[ 0.0730255 ]
 [ 0.05522011]
 [ 0.02132118]]
RB_matrix:
[[-0.966829   -0.1298042  -0.21998309  0.0730255 ]
 [-0.1325473   0.99117399 -0.00230916  0.05522011]
 [ 0.21834125  0.0269256  -0.97550095  0.02132118]]

Camera points (input), A.T:
[[-0.02794033 -0.0403487   0.18620979]
 [-0.0128579  -0.0406719   0.19183045]
 [ 0.00293268 -0.04028828  0.19473324]
 [ 0.01938862 -0.04092889  0.20054219]
 [-0.03612918 -0.03298935  0.1863388 ]
 [-0.02077759 -0.03266643  0.18899594]
 [-0.00525012 -0.03242358  0.19172988]
 [ 0.01055739 -0.03210018  0.19464906]
 [ 0.02674705 -0.03193389  0.19755171]
 [-0.02852291 -0.02495418  0.18604431]
 [-0.01347712 -0.02491197  0.19172988]
 [ 0.00226148 -0.02419658  0.19172988]
 [ 0.01817355 -0.02391657  0.194544  ]
 [-0.03728884 -0.01782841  0.18868869]
 [-0.02106051 -0.01688437  0.18604431]
 [-0.00587178 -0.0167621   0.19158935]
 [ 0.00991654 -0.01629471  0.194544  ]
 [ 0.02580934 -0.01566801  0.19464906]
 [-0.02963237 -0.0097319   0.18868869]
 [-0.01409275 -0.00916664  0.19158935]
 [ 0.00163432 -0.00863049  0.19158935]
 [ 0.0175384  -0.00812844  0.194544  ]
 [-0.03786262 -0.00224893  0.18847833]
 [-0.02238201 -0.00165898  0.19140913]
 [-0.00790337 -0.00134676  0.21258525]
 [ 0.00922978 -0.00049888  0.19158935]
 [ 0.02486749  0.00003727  0.19158935]
 [-0.03024841  0.00593307  0.18868869]
 [-0.01470442  0.00655426  0.19140913]
 [ 0.00100881  0.00709658  0.19158935]
 [ 0.01673588  0.00763273  0.19158935]
 [-0.03916557  0.01378547  0.19140913]
 [-0.02300693  0.01423185  0.19140913]
 [-0.0071161   0.01476749  0.19140913]
 [ 0.00861058  0.01532878  0.19172988]
 [ 0.02425976  0.0157759   0.19172988]]
Robot points (target), B.T:
[[ 0.06386562  0.018209   -0.17122642]
 [ 0.04833182  0.0162836  -0.1691948 ]
 [ 0.0330524   0.01530366 -0.16729253]
 [ 0.01757593  0.01361741 -0.16564334]
 [ 0.07097964  0.02620676 -0.17171136]
 [ 0.05545701  0.02489783 -0.17004467]
 [ 0.03953985  0.02374056 -0.16802536]
 [ 0.02431421  0.02204097 -0.16661521]
 [ 0.00907822  0.02074242 -0.16457638]
 [ 0.06241202  0.03353526 -0.17064527]
 [ 0.04685052  0.03180439 -0.16855657]
 [ 0.03148816  0.03049294 -0.16702692]
 [ 0.01599715  0.02880923 -0.16539123]
 [ 0.06982625  0.04205034 -0.17087036]
 [ 0.05385077  0.04034108 -0.16961484]
 [ 0.03871627  0.03901051 -0.16764197]
 [ 0.02330928  0.03727706 -0.16608221]
 [ 0.00790552  0.03613198 -0.16434048]
 [ 0.06123158  0.04894886 -0.17012822]
 [ 0.04535726  0.04750064 -0.16843364]
 [ 0.03004654  0.04585245 -0.16689305]
 [ 0.014775    0.04405094 -0.16486312]
 [ 0.06858003  0.05725442 -0.1710503 ]
 [ 0.05237649  0.05614431 -0.16904846]
 [ 0.03711871  0.05417067 -0.16733411]
 [ 0.02167007  0.05274546 -0.16560431]
 [ 0.00661631  0.05137892 -0.16406227]
 [ 0.05962443  0.0648994  -0.17003428]
 [ 0.04392997  0.06293639 -0.16783152]
 [ 0.02850697  0.06127758 -0.16684223]
 [ 0.01356943  0.0597108  -0.16493306]
 [ 0.06669608  0.07319354 -0.17075068]
 [ 0.050794    0.0720944  -0.16853153]
 [ 0.03558361  0.07022986 -0.16683294]
 [ 0.02010013  0.06859655 -0.16567058]
 [ 0.00493443  0.06695637 -0.16393769]]
Predicted robot points:
[[ 0.06431345  0.01850096 -0.16751359]
 [ 0.04853682  0.0161685  -0.16971213]
 [ 0.03258167  0.01444903 -0.16908574]
 [ 0.01547688  0.01161947 -0.17117662]
 [ 0.07124701  0.02688047 -0.16922925]
 [ 0.05577821  0.02515959 -0.16846071]
 [ 0.04013286  0.02333586 -0.16773085]
 [ 0.02416555  0.02155442 -0.16711837]
 [ 0.0078528   0.01956665 -0.16641055]
 [ 0.06291483  0.03383721 -0.16706486]
 [ 0.04711192  0.03187164 -0.16932489]
 [ 0.03180252  0.0304946  -0.16586924]
 [ 0.01576287  0.02865654 -0.16513261]
 [ 0.06988332  0.04205588 -0.17136656]
 [ 0.05465247  0.04084667 -0.16521823]
 [ 0.03873189  0.03894183 -0.1673078 ]
 [ 0.02275664  0.03730557 -0.16673024]
 [ 0.00728656  0.03581995 -0.1633458 ]
 [ 0.06142986  0.04906608 -0.16947683]
 [ 0.04569424  0.04755992 -0.16889827]
 [ 0.03041925  0.04600676 -0.16544996]
 [ 0.01432759  0.04438952 -0.16484619]
 [ 0.06846206  0.0575744  -0.17086714]
 [ 0.05277365  0.05610046 -0.17033019]
 [ 0.03407637  0.05444192 -0.18781783]
 [ 0.02202023  0.05305984 -0.16357261]
 [ 0.00683164  0.05151852 -0.16014382]
 [ 0.05999208  0.06467445 -0.16918955]
 [ 0.04428462  0.06322356 -0.16843271]
 [ 0.02898257  0.06167793 -0.16516308]
 [ 0.01370759  0.06012477 -0.16171477]
 [ 0.06699573  0.07363321 -0.17357889]
 [ 0.05131514  0.07193386 -0.17003877]
 [ 0.0358819   0.07035849 -0.16655472]
 [ 0.02053347  0.06882956 -0.16341872]
 [ 0.00534535  0.06719848 -0.15998982]]
Raw errors, B-B_pred:
[[-0.00044784 -0.00029196 -0.00371283]
 [-0.000205    0.00011511  0.00051733]
 [ 0.00047072  0.00085463  0.00179321]
 [ 0.00209905  0.00199793  0.00553327]
 [-0.00026738 -0.00067371 -0.00248211]
 [-0.00032121 -0.00026176 -0.00158396]
 [-0.00059301  0.0004047  -0.00029451]
 [ 0.00014866  0.00048655  0.00050316]
 [ 0.00122542  0.00117577  0.00183418]
 [-0.00050282 -0.00030195 -0.00358041]
 [-0.0002614  -0.00006725  0.00076831]
 [-0.00031437 -0.00000166 -0.00115768]
 [ 0.00023428  0.00015269 -0.00025861]
 [-0.00005707 -0.00000555  0.0004962 ]
 [-0.00080171 -0.00050559 -0.00439662]
 [-0.00001562  0.00006867 -0.00033417]
 [ 0.00055264 -0.00002852  0.00064803]
 [ 0.00061897  0.00031203 -0.00099469]
 [-0.00019828 -0.00011723 -0.00065139]
 [-0.00033697 -0.00005928  0.00046462]
 [-0.00037272 -0.00015431 -0.00144309]
 [ 0.00044741 -0.00033858 -0.00001693]
 [ 0.00011796 -0.00031997 -0.00018316]
 [-0.00039715  0.00004385  0.00128173]
 [ 0.00304234 -0.00027125  0.02048372]
 [-0.00035016 -0.00031438 -0.0020317 ]
 [-0.00021533 -0.00013961 -0.00391845]
 [-0.00036766  0.00022495 -0.00084474]
 [-0.00035465 -0.00028717  0.00060119]
 [-0.00047561 -0.00040035 -0.00167915]
 [-0.00013817 -0.00041396 -0.00321829]
 [-0.00029965 -0.00043967  0.00282821]
 [-0.00052115  0.00016054  0.00150724]
 [-0.00029829 -0.00012864 -0.00027821]
 [-0.00043334 -0.00023301 -0.00225185]
 [-0.00041092 -0.0002421  -0.00394787]]
Mean abs error per dim: [ 0.00049764  0.00033319  0.00218113]
Residual (L2) for each:
[ 0.00001407  0.00000032  0.00000417  0.00003901  0.00000669  0.00000268
  0.0000006   0.00000051  0.00000625  0.00001316  0.00000066  0.00000144
  0.00000015  0.00000025  0.00002023  0.00000012  0.00000073  0.00000147
  0.00000048  0.00000033  0.00000225  0.00000032  0.00000015  0.0000018
  0.00042891  0.00000435  0.00001542  0.0000009   0.00000057  0.00000321
  0.00001055  0.00000828  0.00000257  0.00000018  0.00000531  0.00001581]
loss on data: 1.70526259513e-05
End of debug prints for rigid transformation.


Begin debug prints for RFs:
X_train:
[[-0.02794033 -0.0403487   0.18620979]
 [-0.0128579  -0.0406719   0.19183045]
 [ 0.00293268 -0.04028828  0.19473324]
 [ 0.01938862 -0.04092889  0.20054219]
 [-0.03612918 -0.03298935  0.1863388 ]
 [-0.02077759 -0.03266643  0.18899594]
 [-0.00525012 -0.03242358  0.19172988]
 [ 0.01055739 -0.03210018  0.19464906]
 [ 0.02674705 -0.03193389  0.19755171]
 [-0.02852291 -0.02495418  0.18604431]
 [-0.01347712 -0.02491197  0.19172988]
 [ 0.00226148 -0.02419658  0.19172988]
 [ 0.01817355 -0.02391657  0.194544  ]
 [-0.03728884 -0.01782841  0.18868869]
 [-0.02106051 -0.01688437  0.18604431]
 [-0.00587178 -0.0167621   0.19158935]
 [ 0.00991654 -0.01629471  0.194544  ]
 [ 0.02580934 -0.01566801  0.19464906]
 [-0.02963237 -0.0097319   0.18868869]
 [-0.01409275 -0.00916664  0.19158935]
 [ 0.00163432 -0.00863049  0.19158935]
 [ 0.0175384  -0.00812844  0.194544  ]
 [-0.03786262 -0.00224893  0.18847833]
 [-0.02238201 -0.00165898  0.19140913]
 [-0.00790337 -0.00134676  0.21258525]
 [ 0.00922978 -0.00049888  0.19158935]
 [ 0.02486749  0.00003727  0.19158935]
 [-0.03024841  0.00593307  0.18868869]
 [-0.01470442  0.00655426  0.19140913]
 [ 0.00100881  0.00709658  0.19158935]
 [ 0.01673588  0.00763273  0.19158935]
 [-0.03916557  0.01378547  0.19140913]
 [-0.02300693  0.01423185  0.19140913]
 [-0.0071161   0.01476749  0.19140913]
 [ 0.00861058  0.01532878  0.19172988]
 [ 0.02425976  0.0157759   0.19172988]]
Y_train:
[[ 0.00044784  0.00029196  0.00371283]
 [ 0.000205   -0.00011511 -0.00051733]
 [-0.00047072 -0.00085463 -0.00179321]
 [-0.00209905 -0.00199793 -0.00553327]
 [ 0.00026738  0.00067371  0.00248211]
 [ 0.00032121  0.00026176  0.00158396]
 [ 0.00059301 -0.0004047   0.00029451]
 [-0.00014866 -0.00048655 -0.00050316]
 [-0.00122542 -0.00117577 -0.00183418]
 [ 0.00050282  0.00030195  0.00358041]
 [ 0.0002614   0.00006725 -0.00076831]
 [ 0.00031437  0.00000166  0.00115768]
 [-0.00023428 -0.00015269  0.00025861]
 [ 0.00005707  0.00000555 -0.0004962 ]
 [ 0.00080171  0.00050559  0.00439662]
 [ 0.00001562 -0.00006867  0.00033417]
 [-0.00055264  0.00002852 -0.00064803]
 [-0.00061897 -0.00031203  0.00099469]
 [ 0.00019828  0.00011723  0.00065139]
 [ 0.00033697  0.00005928 -0.00046462]
 [ 0.00037272  0.00015431  0.00144309]
 [-0.00044741  0.00033858  0.00001693]
 [-0.00011796  0.00031997  0.00018316]
 [ 0.00039715 -0.00004385 -0.00128173]
 [-0.00304234  0.00027125 -0.02048372]
 [ 0.00035016  0.00031438  0.0020317 ]
 [ 0.00021533  0.00013961  0.00391845]
 [ 0.00036766 -0.00022495  0.00084474]
 [ 0.00035465  0.00028717 -0.00060119]
 [ 0.00047561  0.00040035  0.00167915]
 [ 0.00013817  0.00041396  0.00321829]
 [ 0.00029965  0.00043967 -0.00282821]
 [ 0.00052115 -0.00016054 -0.00150724]
 [ 0.00029829  0.00012864  0.00027821]
 [ 0.00043334  0.00023301  0.00225185]
 [ 0.00041092  0.0002421   0.00394787]]
Y_pred:
[[ 0.00041687  0.00034161  0.00322007]
 [ 0.00002009 -0.00012434 -0.00045562]
 [-0.00053665 -0.00075223 -0.00137361]
 [-0.00159686 -0.00155959 -0.00401146]
 [ 0.0003519   0.0005478   0.00283878]
 [ 0.00026928  0.00014623  0.00089976]
 [ 0.00026855 -0.00008554  0.00029805]
 [-0.00028119 -0.00023937 -0.00036099]
 [-0.0007799  -0.0008488  -0.00119283]
 [ 0.00054961  0.0003729   0.00358526]
 [ 0.00025213  0.00000176 -0.00034871]
 [ 0.00026784  0.00006871  0.00104217]
 [-0.00036982 -0.00009325 -0.00009328]
 [ 0.0001289   0.00009535 -0.00006733]
 [ 0.00056312  0.00036587  0.00360332]
 [ 0.00021052 -0.000037    0.00029152]
 [-0.00026795 -0.00003401 -0.00015658]
 [-0.0004533  -0.00030088  0.00067211]
 [ 0.00018595  0.00006124  0.00032989]
 [ 0.00025221  0.00003437 -0.00028275]
 [ 0.00029955  0.00013037  0.00126228]
 [-0.00035187  0.00001692  0.00014265]
 [ 0.00013927  0.00014075 -0.0002351 ]
 [ 0.00030425  0.00002306 -0.0006481 ]
 [-0.00224094 -0.00022073 -0.01356204]
 [ 0.00034954  0.00024826  0.00180449]
 [ 0.000247    0.00023701  0.00328852]
 [ 0.00027335  0.00001597  0.00021651]
 [ 0.00032696  0.00007923 -0.00041822]
 [ 0.00037076  0.00023052  0.00154457]
 [ 0.00022688  0.00026378  0.00271484]
 [ 0.00031647  0.00030659 -0.00211955]
 [ 0.0003931   0.0000107  -0.00084637]
 [ 0.00033785  0.00006833  0.0000009 ]
 [ 0.00039346  0.00025677  0.00199176]
 [ 0.00028242  0.0002491   0.003624  ]]
abs_mean_err: [ 0.00014263  0.00013402  0.00057264]
End debug prints for RFs


What if we COMBINE the rigid body with the RF?:
Predictions, B_pred-errors transposed (Rigid+RF):
[[ 0.06389659  0.01815934 -0.17073366]
 [ 0.04851673  0.01629284 -0.16925651]
 [ 0.03311832  0.01520126 -0.16771213]
 [ 0.01707374  0.01317907 -0.16716516]
 [ 0.07089511  0.02633267 -0.17206803]
 [ 0.05550893  0.02501336 -0.16936048]
 [ 0.03986432  0.0234214  -0.1680289 ]
 [ 0.02444674  0.02179379 -0.16675738]
 [ 0.0086327   0.02041545 -0.16521773]
 [ 0.06236522  0.03346431 -0.17065012]
 [ 0.04685979  0.03186988 -0.16897618]
 [ 0.03153468  0.0304259  -0.16691141]
 [ 0.01613269  0.0287498  -0.16503934]
 [ 0.06975442  0.04196053 -0.17129922]
 [ 0.05408936  0.0404808  -0.16882154]
 [ 0.03852136  0.03897884 -0.16759932]
 [ 0.0230246   0.03733959 -0.16657366]
 [ 0.00773986  0.03612083 -0.1640179 ]
 [ 0.06124391  0.04900484 -0.16980672]
 [ 0.04544202  0.04752555 -0.16861551]
 [ 0.0301197   0.04587639 -0.16671225]
 [ 0.01467946  0.0443726  -0.16498884]
 [ 0.06832279  0.05743365 -0.17063203]
 [ 0.05246939  0.0560774  -0.1696821 ]
 [ 0.03631731  0.05466265 -0.17425579]
 [ 0.02167068  0.05281158 -0.1653771 ]
 [ 0.00658464  0.05128151 -0.16343234]
 [ 0.05971873  0.06465848 -0.16940605]
 [ 0.04395766  0.06314433 -0.1680145 ]
 [ 0.02861182  0.06144742 -0.16670764]
 [ 0.01348071  0.05986099 -0.16442962]
 [ 0.06667926  0.07332663 -0.17145934]
 [ 0.05092204  0.07192316 -0.1691924 ]
 [ 0.03554405  0.07029016 -0.16655563]
 [ 0.02014001  0.06857279 -0.16541048]
 [ 0.00506293  0.06694937 -0.16361382]]
NEW raw errors:
[[ 0.00003097 -0.00004965  0.00049276]
 [ 0.00018492  0.00000924 -0.00006171]
 [ 0.00006592 -0.0001024  -0.0004196 ]
 [-0.00050219 -0.00043834 -0.00152182]
 [-0.00008452  0.00012591 -0.00035667]
 [ 0.00005193  0.00011553  0.0006842 ]
 [ 0.00032446 -0.00031916 -0.00000354]
 [ 0.00013253 -0.00024718 -0.00014217]
 [-0.00044552 -0.00032697 -0.00064135]
 [-0.0000468  -0.00007095 -0.00000485]
 [ 0.00000927  0.00006549 -0.0004196 ]
 [ 0.00004653 -0.00006705  0.00011551]
 [ 0.00013555 -0.00005944  0.00035189]
 [-0.00007182 -0.0000898  -0.00042887]
 [ 0.00023859  0.00013972  0.0007933 ]
 [-0.00019491 -0.00003167  0.00004265]
 [-0.00028469  0.00006253 -0.00049145]
 [-0.00016567 -0.00001115  0.00032258]
 [ 0.00001233  0.00005599  0.0003215 ]
 [ 0.00008476  0.00002491 -0.00018187]
 [ 0.00007316  0.00002394  0.0001808 ]
 [-0.00009555  0.00032166 -0.00012572]
 [-0.00025724  0.00017922  0.00041826]
 [ 0.0000929  -0.00006691 -0.00063364]
 [-0.0008014   0.00049198 -0.00692168]
 [ 0.00000062  0.00006612  0.00022721]
 [-0.00003167 -0.0000974   0.00062993]
 [ 0.0000943  -0.00024092  0.00062823]
 [ 0.00002769  0.00020794 -0.00018298]
 [ 0.00010485  0.00016983  0.00013458]
 [-0.00008871  0.00015018  0.00050344]
 [-0.00001682  0.00013309 -0.00070866]
 [ 0.00012804 -0.00017124 -0.00066087]
 [-0.00003956  0.0000603   0.00027731]
 [ 0.00003988 -0.00002375  0.00026009]
 [ 0.0001285  -0.000007    0.00032387]]
avg abs err for RB:    0.00100398712377
avg abs err for RB+RF: 0.000283097270483
Mean abs error per dim: [ 0.00014263  0.00013402  0.00057264]
End of debug prints for rigid transform PLUS RF...


Begin debug prints:
A.shape: (36, 3), and A:
[[  795.   135.     1.]
 [  973.   145.     1.]
 [ 1149.   156.     1.]
 [ 1324.   162.     1.]
 [  701.   220.     1.]
 [  881.   229.     1.]
 [ 1058.   237.     1.]
 [ 1233.   246.     1.]
 [ 1407.   253.     1.]
 [  788.   312.     1.]
 [  966.   321.     1.]
 [ 1142.   329.     1.]
 [ 1317.   336.     1.]
 [  693.   397.     1.]
 [  874.   405.     1.]
 [ 1051.   412.     1.]
 [ 1226.   420.     1.]
 [ 1401.   427.     1.]
 [  780.   489.     1.]
 [  959.   497.     1.]
 [ 1135.   503.     1.]
 [ 1310.   510.     1.]
 [  686.   574.     1.]
 [  866.   581.     1.]
 [ 1037.   586.     1.]
 [ 1220.   594.     1.]
 [ 1395.   600.     1.]
 [  773.   667.     1.]
 [  952.   673.     1.]
 [ 1128.   679.     1.]
 [ 1304.   685.     1.]
 [  678.   754.     1.]
 [  859.   759.     1.]
 [ 1037.   765.     1.]
 [ 1213.   771.     1.]
 [ 1388.   776.     1.]]
B.shape: (36, 3), and B:
[[  724.   139.     1.]
 [  904.   147.     1.]
 [ 1081.   156.     1.]
 [ 1258.   164.     1.]
 [  630.   223.     1.]
 [  811.   232.     1.]
 [  989.   240.     1.]
 [ 1165.   248.     1.]
 [ 1340.   255.     1.]
 [  717.   317.     1.]
 [  897.   324.     1.]
 [ 1073.   332.     1.]
 [ 1249.   339.     1.]
 [  623.   402.     1.]
 [  803.   410.     1.]
 [  982.   416.     1.]
 [ 1158.   423.     1.]
 [ 1333.   429.     1.]
 [  710.   494.     1.]
 [  890.   501.     1.]
 [ 1066.   507.     1.]
 [ 1242.   513.     1.]
 [  616.   580.     1.]
 [  797.   586.     1.]
 [  975.   592.     1.]
 [ 1151.   598.     1.]
 [ 1326.   604.     1.]
 [  703.   672.     1.]
 [  883.   678.     1.]
 [ 1059.   683.     1.]
 [ 1235.   689.     1.]
 [  609.   759.     1.]
 [  790.   764.     1.]
 [  968.   770.     1.]
 [ 1144.   774.     1.]
 [ 1319.   779.     1.]]
theta for LEFT to RIGHT:
[[  1.00336084  -0.0033642 ]
 [  0.00022409   1.00379948]
 [-72.48393034   5.49268664]]
theta for RIGHT to LEFT:
[[  0.99661439   0.00333588]
 [ -0.00022778   0.99620111]
 [ 72.27927889  -5.21945056]]
abs_errors l2r (remember, these are pixels):
[[ 1.21819308  0.66892403]
 [ 0.18133573  0.77024292]
 [ 0.58736214  2.21993775]
 [ 1.99786985  0.34600061]
 [ 0.92132142  0.97026636]
 [ 0.5282902   0.39890543]
 [ 0.12495237  0.16616237]
 [ 0.28488307  0.2792977 ]
 [ 0.69852753  0.27947697]
 [ 1.23433121  0.97286734]
 [ 0.1654217   0.46250014]
 [ 0.42787962  0.09920347]
 [ 0.017596    0.66134234]
 [ 0.0659013   0.33031275]
 [ 1.54420424  0.90883736]
 [ 0.14064231  0.47770463]
 [ 0.26941722  0.03604403]
 [ 0.32029916  0.40181709]
 [ 0.24710848  0.27344644]
 [ 0.14950767  0.15475735]
 [ 0.44334547  0.4145452 ]
 [ 0.03306185  0.02331592]
 [ 0.04976318  0.63425606]
 [ 0.44324258  0.21321594]
 [ 6.86741775  1.76949696]
 [ 0.74940948  0.35474997]
 [ 1.33890177  0.92068833]
 [ 0.2634707   0.42640972]
 [ 0.13359363  0.15298543]
 [ 0.4592595   0.27771201]
 [ 1.05211264  0.29159054]
 [ 1.03631363  1.07656327]
 [ 0.42688036  0.48664023]
 [ 0.17269446  0.08939073]
 [ 0.7655476   1.34130672]
 [ 1.3548158   0.77156889]]
abs_errors r2l (remember, these are pixels):
[[ 1.20356549  0.6676831 ]
 [ 0.18520209  0.76224916]
 [ 0.58389873  2.20598795]
 [ 1.98282315  0.35407214]
 [ 0.90445132  0.96499629]
 [ 0.51929713  0.39539156]
 [ 0.12375832  0.16800442]
 [ 0.27855171  0.27527137]
 [ 0.68447514  0.28191585]
 [ 1.22041073  0.96813016]
 [ 0.16858463  0.45800321]
 [ 0.42910533  0.098721  ]
 [ 0.02656752  0.6592441 ]
 [ 0.07847567  0.33165188]
 [ 1.53275675  0.90171962]
 [ 0.140148    0.47604925]
 [ 0.26238981  0.03657235]
 [ 0.33145898  0.40244155]
 [ 0.23702818  0.27237611]
 [ 0.15196718  0.15375727]
 [ 0.44526723  0.41056472]
 [ 0.04250165  0.0251133 ]
 [ 0.06163044  0.63209894]
 [ 0.44746796  0.21310033]
 [ 6.84346233  1.78409408]
 [ 0.75377208  0.34841607]
 [ 1.34762088  0.90940217]
 [ 0.25387342  0.42717683]
 [ 0.13534972  0.15048868]
 [ 0.46165691  0.28139045]
 [ 1.05889132  0.28293153]
 [ 1.04455742  1.07125289]
 [ 0.43062273  0.48645261]
 [ 0.17338291  0.08454114]
 [ 0.77016176  1.3435391 ]
 [ 1.36378278  0.77875411]]
End of debug prints.


Assuming we ONLY have the left pixels, we still predict the robot points.
pred points:
[[ 0.06415741  0.01784326 -0.17089591]
 [ 0.04861032  0.0162857  -0.16913879]
 [ 0.03294901  0.01481934 -0.16735635]
 [ 0.01715862  0.01289361 -0.16555126]
 [ 0.07122491  0.02652827 -0.17159731]
 [ 0.05565189  0.02493941 -0.16985076]
 [ 0.04006994  0.02327487 -0.16809249]
 [ 0.02437545  0.02169905 -0.16630886]
 [ 0.00851736  0.01993021 -0.16449626]
 [ 0.06272761  0.03344125 -0.1705533 ]
 [ 0.04718184  0.03193463 -0.1688105 ]
 [ 0.03154321  0.03033907 -0.16704676]
 [ 0.01572623  0.02863954 -0.16525192]
 [ 0.06988524  0.04206394 -0.17124858]
 [ 0.05423005  0.0405162  -0.16950703]
 [ 0.0386491   0.03890253 -0.1677632 ]
 [ 0.02295349  0.03737572 -0.16599386]
 [ 0.00698845  0.03573198 -0.16418321]
 [ 0.06138582  0.04904271 -0.17020139]
 [ 0.04575672  0.04757743 -0.16846341]
 [ 0.03013036  0.04594429 -0.1667164 ]
 [ 0.01429998  0.04438443 -0.16493375]
 [ 0.06846195  0.05757445 -0.1708718 ]
 [ 0.05289791  0.05609506 -0.16915425]
 [ 0.03786282  0.05451757 -0.16748632]
 [ 0.02144712  0.05303557 -0.16565013]
 [ 0.00547835  0.05144285 -0.16385373]
 [ 0.05994904  0.06470567 -0.16981873]
 [ 0.04433537  0.06320943 -0.16809764]
 [ 0.02869927  0.06171947 -0.16636263]
 [ 0.01277764  0.06020166 -0.16458431]
 [ 0.06709167  0.07334025 -0.17047791]
 [ 0.05145929  0.07182288 -0.16876818]
 [ 0.03578573  0.07039769 -0.16704117]
 [ 0.02000161  0.06896745 -0.16529056]
 [ 0.00403177  0.06743096 -0.16350883]]
true points:
[[ 0.06386562  0.018209   -0.17122642]
 [ 0.04833182  0.0162836  -0.1691948 ]
 [ 0.0330524   0.01530366 -0.16729253]
 [ 0.01757593  0.01361741 -0.16564334]
 [ 0.07097964  0.02620676 -0.17171136]
 [ 0.05545701  0.02489783 -0.17004467]
 [ 0.03953985  0.02374056 -0.16802536]
 [ 0.02431421  0.02204097 -0.16661521]
 [ 0.00907822  0.02074242 -0.16457638]
 [ 0.06241202  0.03353526 -0.17064527]
 [ 0.04685052  0.03180439 -0.16855657]
 [ 0.03148816  0.03049294 -0.16702692]
 [ 0.01599715  0.02880923 -0.16539123]
 [ 0.06982625  0.04205034 -0.17087036]
 [ 0.05385077  0.04034108 -0.16961484]
 [ 0.03871627  0.03901051 -0.16764197]
 [ 0.02330928  0.03727706 -0.16608221]
 [ 0.00790552  0.03613198 -0.16434048]
 [ 0.06123158  0.04894886 -0.17012822]
 [ 0.04535726  0.04750064 -0.16843364]
 [ 0.03004654  0.04585245 -0.16689305]
 [ 0.014775    0.04405094 -0.16486312]
 [ 0.06858003  0.05725442 -0.1710503 ]
 [ 0.05237649  0.05614431 -0.16904846]
 [ 0.03711871  0.05417067 -0.16733411]
 [ 0.02167007  0.05274546 -0.16560431]
 [ 0.00661631  0.05137892 -0.16406227]
 [ 0.05962443  0.0648994  -0.17003428]
 [ 0.04392997  0.06293639 -0.16783152]
 [ 0.02850697  0.06127758 -0.16684223]
 [ 0.01356943  0.0597108  -0.16493306]
 [ 0.06669608  0.07319354 -0.17075068]
 [ 0.050794    0.0720944  -0.16853153]
 [ 0.03558361  0.07022986 -0.16683294]
 [ 0.02010013  0.06859655 -0.16567058]
 [ 0.00493443  0.06695637 -0.16393769]]
mean abs err: [ 0.00036861  0.00026109  0.00018165]
mean err: [ 0.00001086  0.00000366  0.0000654 ]
Done w/debugging.

