
Some debug prints:
robot points in left/right camera (we'll average later):
(0, array([ 0.06368692,  0.01827124, -0.17164036]), array([ 0.06404431,  0.01814675, -0.17081248]))
(1, array([ 0.04808676,  0.01655407, -0.16907767]), array([ 0.04857687,  0.01601314, -0.16931193]))
(2, array([ 0.03279431,  0.01546403, -0.16749206]), array([ 0.03331048,  0.01514329, -0.167093  ]))
(3, array([ 0.0173627 ,  0.0139522 , -0.16573066]), array([ 0.01778916,  0.01328262, -0.16555603]))
(4, array([ 0.07109447,  0.02625326, -0.17168939]), array([ 0.07086481,  0.02616025, -0.17173333]))
(5, array([ 0.05546251,  0.02518614, -0.17007777]), array([ 0.0554515 ,  0.02460952, -0.17001158]))
(6, array([ 0.03976087,  0.02398636, -0.16800855]), array([ 0.03931884,  0.02349476, -0.16804216]))
(7, array([ 0.02444996,  0.02213842, -0.16609167]), array([ 0.02417845,  0.02194352, -0.16713876]))
(8, array([ 0.00890066,  0.0208003 , -0.16488762]), array([ 0.00925577,  0.02068453, -0.16426513]))
(9, array([ 0.06257754,  0.03377749, -0.17104453]), array([ 0.0622465 ,  0.03329303, -0.17024601]))
(10, array([ 0.04694824,  0.03164749, -0.16865746]), array([ 0.04675279,  0.03196129, -0.16845569]))
(11, array([ 0.0323754 ,  0.030366  , -0.16666232]), array([ 0.03060092,  0.03061989, -0.16739151]))
(12, array([ 0.01578837,  0.02873865, -0.16537014]), array([ 0.01620592,  0.02887982, -0.16541231]))
(13, array([ 0.06968452,  0.04170226, -0.17111947]), array([ 0.06996797,  0.04239842, -0.17062124]))
(14, array([ 0.05394725,  0.0406561 , -0.16959085]), array([ 0.05375429,  0.04002606, -0.16963884]))
(15, array([ 0.03865355,  0.03927549, -0.16772711]), array([ 0.038779  ,  0.03874552, -0.16755683]))
(16, array([ 0.02381877,  0.03770045, -0.16559383]), array([ 0.0227998 ,  0.03685367, -0.16657059]))
(17, array([ 0.00827609,  0.03615529, -0.16460781]), array([ 0.00753495,  0.03610868, -0.16407315]))
(18, array([ 0.06116007,  0.0490815 , -0.17014216]), array([ 0.06130308,  0.04881621, -0.17011428]))
(19, array([ 0.04547514,  0.04741917, -0.16837267]), array([ 0.04523939,  0.04758212, -0.16849462]))
(20, array([ 0.02983327,  0.04587714, -0.16694239]), array([ 0.0302598 ,  0.04582776, -0.16684371]))
(21, array([ 0.01465066,  0.04411534, -0.16513515]), array([ 0.01489934,  0.04398655, -0.16459108]))
(22, array([ 0.068818  ,  0.05759215, -0.1706758 ]), array([ 0.06834205,  0.05691669, -0.1714248 ]))
(23, array([ 0.05210711,  0.05626867, -0.16907564]), array([ 0.05264588,  0.05601995, -0.16902129]))
(24, array([ 0.0369688 ,  0.05393835, -0.16771132]), array([ 0.03726863,  0.05440299, -0.1669569 ]))
(25, array([ 0.0212643 ,  0.05267868, -0.16581303]), array([ 0.02207584,  0.05281225, -0.16539559]))
(26, array([ 0.00695355,  0.05129171, -0.16409906]), array([ 0.00627907,  0.05146612, -0.16402547]))
(27, array([ 0.0597742 ,  0.06462612, -0.1704219 ]), array([ 0.05947465,  0.06517267, -0.16964666]))
(28, array([ 0.04382234,  0.06263889, -0.16773535]), array([ 0.04403759,  0.06323389, -0.16792769]))
(29, array([ 0.02883223,  0.06130639, -0.16662086]), array([ 0.0281817 ,  0.06124878, -0.1670636 ]))
(30, array([ 0.01367144,  0.05943279, -0.16463954]), array([ 0.01346741,  0.05998882, -0.16522658]))
(31, array([ 0.06664175,  0.07297165, -0.17094343]), array([ 0.06675041,  0.07341542, -0.17055794]))
(32, array([ 0.05086608,  0.07199236, -0.16861196]), array([ 0.05072192,  0.07219643, -0.1684511 ]))
(33, array([ 0.03588668,  0.07027482, -0.16676519]), array([ 0.03528055,  0.0701849 , -0.16690069]))
(34, array([ 0.0204692 ,  0.06847813, -0.16567907]), array([ 0.01973107,  0.06871496, -0.16566208]))
(35, array([ 0.00474245,  0.06727548, -0.16399943]), array([ 0.00512641,  0.06663726, -0.16387595]))
pixel pts in left/right camera:
(0, (795, 135), (724, 139))
(1, (973, 145), (904, 147))
(2, (1149, 156), (1081, 156))
(3, (1324, 162), (1258, 164))
(4, (701, 220), (630, 223))
(5, (881, 229), (811, 232))
(6, (1058, 237), (989, 240))
(7, (1233, 246), (1165, 248))
(8, (1407, 253), (1340, 255))
(9, (788, 312), (717, 317))
(10, (966, 321), (897, 324))
(11, (1142, 329), (1073, 332))
(12, (1317, 336), (1249, 339))
(13, (693, 397), (623, 402))
(14, (874, 405), (803, 410))
(15, (1051, 412), (982, 416))
(16, (1226, 420), (1158, 423))
(17, (1401, 427), (1333, 429))
(18, (780, 489), (710, 494))
(19, (959, 497), (890, 501))
(20, (1135, 503), (1066, 507))
(21, (1310, 510), (1242, 513))
(22, (686, 574), (616, 580))
(23, (866, 581), (797, 586))
(24, (1037, 586), (975, 592))
(25, (1220, 594), (1151, 598))
(26, (1395, 600), (1326, 604))
(27, (773, 667), (703, 672))
(28, (952, 673), (883, 678))
(29, (1128, 679), (1059, 683))
(30, (1304, 685), (1235, 689))
(31, (678, 754), (609, 759))
(32, (859, 759), (790, 764))
(33, (1037, 765), (968, 770))
(34, (1213, 771), (1144, 774))
(35, (1388, 776), (1319, 779))
camera points:
(0, array([-0.02794033, -0.0403487 ,  0.18620979]))
(1, array([-0.0128579 , -0.0406719 ,  0.19183045]))
(2, array([ 0.00293268, -0.04028828,  0.19473324]))
(3, array([ 0.01938862, -0.04092889,  0.20054219]))
(4, array([-0.03612918, -0.03298935,  0.1863388 ]))
(5, array([-0.02077759, -0.03266643,  0.18899594]))
(6, array([-0.00525012, -0.03242358,  0.19172988]))
(7, array([ 0.01055739, -0.03210018,  0.19464906]))
(8, array([ 0.02674705, -0.03193389,  0.19755171]))
(9, array([-0.02852291, -0.02495418,  0.18604431]))
(10, array([-0.01347712, -0.02491197,  0.19172988]))
(11, array([ 0.00226148, -0.02419658,  0.19172988]))
(12, array([ 0.01817355, -0.02391657,  0.194544  ]))
(13, array([-0.03728884, -0.01782841,  0.18868869]))
(14, array([-0.02106051, -0.01688437,  0.18604431]))
(15, array([-0.00587178, -0.0167621 ,  0.19158935]))
(16, array([ 0.00991654, -0.01629471,  0.194544  ]))
(17, array([ 0.02580934, -0.01566801,  0.19464906]))
(18, array([-0.02963237, -0.0097319 ,  0.18868869]))
(19, array([-0.01409275, -0.00916664,  0.19158935]))
(20, array([ 0.00163432, -0.00863049,  0.19158935]))
(21, array([ 0.0175384 , -0.00812844,  0.194544  ]))
(22, array([-0.03786262, -0.00224893,  0.18847833]))
(23, array([-0.02238201, -0.00165898,  0.19140913]))
(24, array([-0.00790337, -0.00134676,  0.21258525]))
(25, array([ 0.00922978, -0.00049888,  0.19158935]))
(26, array([ 0.02486749,  0.00003727,  0.19158935]))
(27, array([-0.03024841,  0.00593307,  0.18868869]))
(28, array([-0.01470442,  0.00655426,  0.19140913]))
(29, array([ 0.00100881,  0.00709658,  0.19158935]))
(30, array([ 0.01673588,  0.00763273,  0.19158935]))
(31, array([-0.03916557,  0.01378547,  0.19140913]))
(32, array([-0.02300693,  0.01423185,  0.19140913]))
(33, array([-0.0071161 ,  0.01476749,  0.19140913]))
(34, array([ 0.00861058,  0.01532878,  0.19172988]))
(35, array([ 0.02425976,  0.0157759 ,  0.19172988]))
(camera) points_3d.shape: (36, 3)
End of debug prints.


Begin debug prints for rigid transformation:
meanA:
[[-0.00598942]
 [-0.01238988]
 [ 0.19208808]]
meanB:
[[ 0.03816838]
 [ 0.0432899 ]
 [-0.16770228]]
Rotation R:
[[-0.966829   -0.1298042  -0.21998309]
 [-0.1325473   0.99117399 -0.00230916]
 [ 0.21834125  0.0269256  -0.97550095]]
and R^TR (should be identity):
[[ 1.  0.  0.]
 [ 0.  1.  0.]
 [ 0.  0.  1.]]
translation t:
[[ 0.0730255 ]
 [ 0.05522011]
 [ 0.02132118]]
RB_matrix:
[[-0.966829   -0.1298042  -0.21998309  0.0730255 ]
 [-0.1325473   0.99117399 -0.00230916  0.05522011]
 [ 0.21834125  0.0269256  -0.97550095  0.02132118]]

Camera points (input), A.T:
[[-0.02794033 -0.0403487   0.18620979]
 [-0.0128579  -0.0406719   0.19183045]
 [ 0.00293268 -0.04028828  0.19473324]
 [ 0.01938862 -0.04092889  0.20054219]
 [-0.03612918 -0.03298935  0.1863388 ]
 [-0.02077759 -0.03266643  0.18899594]
 [-0.00525012 -0.03242358  0.19172988]
 [ 0.01055739 -0.03210018  0.19464906]
 [ 0.02674705 -0.03193389  0.19755171]
 [-0.02852291 -0.02495418  0.18604431]
 [-0.01347712 -0.02491197  0.19172988]
 [ 0.00226148 -0.02419658  0.19172988]
 [ 0.01817355 -0.02391657  0.194544  ]
 [-0.03728884 -0.01782841  0.18868869]
 [-0.02106051 -0.01688437  0.18604431]
 [-0.00587178 -0.0167621   0.19158935]
 [ 0.00991654 -0.01629471  0.194544  ]
 [ 0.02580934 -0.01566801  0.19464906]
 [-0.02963237 -0.0097319   0.18868869]
 [-0.01409275 -0.00916664  0.19158935]
 [ 0.00163432 -0.00863049  0.19158935]
 [ 0.0175384  -0.00812844  0.194544  ]
 [-0.03786262 -0.00224893  0.18847833]
 [-0.02238201 -0.00165898  0.19140913]
 [-0.00790337 -0.00134676  0.21258525]
 [ 0.00922978 -0.00049888  0.19158935]
 [ 0.02486749  0.00003727  0.19158935]
 [-0.03024841  0.00593307  0.18868869]
 [-0.01470442  0.00655426  0.19140913]
 [ 0.00100881  0.00709658  0.19158935]
 [ 0.01673588  0.00763273  0.19158935]
 [-0.03916557  0.01378547  0.19140913]
 [-0.02300693  0.01423185  0.19140913]
 [-0.0071161   0.01476749  0.19140913]
 [ 0.00861058  0.01532878  0.19172988]
 [ 0.02425976  0.0157759   0.19172988]]
Robot points (target), B.T:
[[ 0.06386562  0.018209   -0.17122642]
 [ 0.04833182  0.0162836  -0.1691948 ]
 [ 0.0330524   0.01530366 -0.16729253]
 [ 0.01757593  0.01361741 -0.16564334]
 [ 0.07097964  0.02620676 -0.17171136]
 [ 0.05545701  0.02489783 -0.17004467]
 [ 0.03953985  0.02374056 -0.16802536]
 [ 0.02431421  0.02204097 -0.16661521]
 [ 0.00907822  0.02074242 -0.16457638]
 [ 0.06241202  0.03353526 -0.17064527]
 [ 0.04685052  0.03180439 -0.16855657]
 [ 0.03148816  0.03049294 -0.16702692]
 [ 0.01599715  0.02880923 -0.16539123]
 [ 0.06982625  0.04205034 -0.17087036]
 [ 0.05385077  0.04034108 -0.16961484]
 [ 0.03871627  0.03901051 -0.16764197]
 [ 0.02330928  0.03727706 -0.16608221]
 [ 0.00790552  0.03613198 -0.16434048]
 [ 0.06123158  0.04894886 -0.17012822]
 [ 0.04535726  0.04750064 -0.16843364]
 [ 0.03004654  0.04585245 -0.16689305]
 [ 0.014775    0.04405094 -0.16486312]
 [ 0.06858003  0.05725442 -0.1710503 ]
 [ 0.05237649  0.05614431 -0.16904846]
 [ 0.03711871  0.05417067 -0.16733411]
 [ 0.02167007  0.05274546 -0.16560431]
 [ 0.00661631  0.05137892 -0.16406227]
 [ 0.05962443  0.0648994  -0.17003428]
 [ 0.04392997  0.06293639 -0.16783152]
 [ 0.02850697  0.06127758 -0.16684223]
 [ 0.01356943  0.0597108  -0.16493306]
 [ 0.06669608  0.07319354 -0.17075068]
 [ 0.050794    0.0720944  -0.16853153]
 [ 0.03558361  0.07022986 -0.16683294]
 [ 0.02010013  0.06859655 -0.16567058]
 [ 0.00493443  0.06695637 -0.16393769]]
Predicted robot points:
[[ 0.06431345  0.01850096 -0.16751359]
 [ 0.04853682  0.0161685  -0.16971213]
 [ 0.03258167  0.01444903 -0.16908574]
 [ 0.01547688  0.01161947 -0.17117662]
 [ 0.07124701  0.02688047 -0.16922925]
 [ 0.05577821  0.02515959 -0.16846071]
 [ 0.04013286  0.02333586 -0.16773085]
 [ 0.02416555  0.02155442 -0.16711837]
 [ 0.0078528   0.01956665 -0.16641055]
 [ 0.06291483  0.03383721 -0.16706486]
 [ 0.04711192  0.03187164 -0.16932489]
 [ 0.03180252  0.0304946  -0.16586924]
 [ 0.01576287  0.02865654 -0.16513261]
 [ 0.06988332  0.04205588 -0.17136656]
 [ 0.05465247  0.04084667 -0.16521823]
 [ 0.03873189  0.03894183 -0.1673078 ]
 [ 0.02275664  0.03730557 -0.16673024]
 [ 0.00728656  0.03581995 -0.1633458 ]
 [ 0.06142986  0.04906608 -0.16947683]
 [ 0.04569424  0.04755992 -0.16889827]
 [ 0.03041925  0.04600676 -0.16544996]
 [ 0.01432759  0.04438952 -0.16484619]
 [ 0.06846206  0.0575744  -0.17086714]
 [ 0.05277365  0.05610046 -0.17033019]
 [ 0.03407637  0.05444192 -0.18781783]
 [ 0.02202023  0.05305984 -0.16357261]
 [ 0.00683164  0.05151852 -0.16014382]
 [ 0.05999208  0.06467445 -0.16918955]
 [ 0.04428462  0.06322356 -0.16843271]
 [ 0.02898257  0.06167793 -0.16516308]
 [ 0.01370759  0.06012477 -0.16171477]
 [ 0.06699573  0.07363321 -0.17357889]
 [ 0.05131514  0.07193386 -0.17003877]
 [ 0.0358819   0.07035849 -0.16655472]
 [ 0.02053347  0.06882956 -0.16341872]
 [ 0.00534535  0.06719848 -0.15998982]]
Raw errors, B-B_pred:
[[-0.00044784 -0.00029196 -0.00371283]
 [-0.000205    0.00011511  0.00051733]
 [ 0.00047072  0.00085463  0.00179321]
 [ 0.00209905  0.00199793  0.00553327]
 [-0.00026738 -0.00067371 -0.00248211]
 [-0.00032121 -0.00026176 -0.00158396]
 [-0.00059301  0.0004047  -0.00029451]
 [ 0.00014866  0.00048655  0.00050316]
 [ 0.00122542  0.00117577  0.00183418]
 [-0.00050282 -0.00030195 -0.00358041]
 [-0.0002614  -0.00006725  0.00076831]
 [-0.00031437 -0.00000166 -0.00115768]
 [ 0.00023428  0.00015269 -0.00025861]
 [-0.00005707 -0.00000555  0.0004962 ]
 [-0.00080171 -0.00050559 -0.00439662]
 [-0.00001562  0.00006867 -0.00033417]
 [ 0.00055264 -0.00002852  0.00064803]
 [ 0.00061897  0.00031203 -0.00099469]
 [-0.00019828 -0.00011723 -0.00065139]
 [-0.00033697 -0.00005928  0.00046462]
 [-0.00037272 -0.00015431 -0.00144309]
 [ 0.00044741 -0.00033858 -0.00001693]
 [ 0.00011796 -0.00031997 -0.00018316]
 [-0.00039715  0.00004385  0.00128173]
 [ 0.00304234 -0.00027125  0.02048372]
 [-0.00035016 -0.00031438 -0.0020317 ]
 [-0.00021533 -0.00013961 -0.00391845]
 [-0.00036766  0.00022495 -0.00084474]
 [-0.00035465 -0.00028717  0.00060119]
 [-0.00047561 -0.00040035 -0.00167915]
 [-0.00013817 -0.00041396 -0.00321829]
 [-0.00029965 -0.00043967  0.00282821]
 [-0.00052115  0.00016054  0.00150724]
 [-0.00029829 -0.00012864 -0.00027821]
 [-0.00043334 -0.00023301 -0.00225185]
 [-0.00041092 -0.0002421  -0.00394787]]
Mean abs error per dim: [ 0.00049764  0.00033319  0.00218113]
Residual (L2) for each:
[ 0.00001407  0.00000032  0.00000417  0.00003901  0.00000669  0.00000268
  0.0000006   0.00000051  0.00000625  0.00001316  0.00000066  0.00000144
  0.00000015  0.00000025  0.00002023  0.00000012  0.00000073  0.00000147
  0.00000048  0.00000033  0.00000225  0.00000032  0.00000015  0.0000018
  0.00042891  0.00000435  0.00001542  0.0000009   0.00000057  0.00000321
  0.00001055  0.00000828  0.00000257  0.00000018  0.00000531  0.00001581]
loss on data: 1.70526259513e-05
End of debug prints for rigid transformation.


Begin debug prints for RFs:
X_train:
[[-0.02794033 -0.0403487   0.18620979]
 [-0.0128579  -0.0406719   0.19183045]
 [ 0.00293268 -0.04028828  0.19473324]
 [ 0.01938862 -0.04092889  0.20054219]
 [-0.03612918 -0.03298935  0.1863388 ]
 [-0.02077759 -0.03266643  0.18899594]
 [-0.00525012 -0.03242358  0.19172988]
 [ 0.01055739 -0.03210018  0.19464906]
 [ 0.02674705 -0.03193389  0.19755171]
 [-0.02852291 -0.02495418  0.18604431]
 [-0.01347712 -0.02491197  0.19172988]
 [ 0.00226148 -0.02419658  0.19172988]
 [ 0.01817355 -0.02391657  0.194544  ]
 [-0.03728884 -0.01782841  0.18868869]
 [-0.02106051 -0.01688437  0.18604431]
 [-0.00587178 -0.0167621   0.19158935]
 [ 0.00991654 -0.01629471  0.194544  ]
 [ 0.02580934 -0.01566801  0.19464906]
 [-0.02963237 -0.0097319   0.18868869]
 [-0.01409275 -0.00916664  0.19158935]
 [ 0.00163432 -0.00863049  0.19158935]
 [ 0.0175384  -0.00812844  0.194544  ]
 [-0.03786262 -0.00224893  0.18847833]
 [-0.02238201 -0.00165898  0.19140913]
 [-0.00790337 -0.00134676  0.21258525]
 [ 0.00922978 -0.00049888  0.19158935]
 [ 0.02486749  0.00003727  0.19158935]
 [-0.03024841  0.00593307  0.18868869]
 [-0.01470442  0.00655426  0.19140913]
 [ 0.00100881  0.00709658  0.19158935]
 [ 0.01673588  0.00763273  0.19158935]
 [-0.03916557  0.01378547  0.19140913]
 [-0.02300693  0.01423185  0.19140913]
 [-0.0071161   0.01476749  0.19140913]
 [ 0.00861058  0.01532878  0.19172988]
 [ 0.02425976  0.0157759   0.19172988]]
Y_train:
[[ 0.00044784  0.00029196  0.00371283]
 [ 0.000205   -0.00011511 -0.00051733]
 [-0.00047072 -0.00085463 -0.00179321]
 [-0.00209905 -0.00199793 -0.00553327]
 [ 0.00026738  0.00067371  0.00248211]
 [ 0.00032121  0.00026176  0.00158396]
 [ 0.00059301 -0.0004047   0.00029451]
 [-0.00014866 -0.00048655 -0.00050316]
 [-0.00122542 -0.00117577 -0.00183418]
 [ 0.00050282  0.00030195  0.00358041]
 [ 0.0002614   0.00006725 -0.00076831]
 [ 0.00031437  0.00000166  0.00115768]
 [-0.00023428 -0.00015269  0.00025861]
 [ 0.00005707  0.00000555 -0.0004962 ]
 [ 0.00080171  0.00050559  0.00439662]
 [ 0.00001562 -0.00006867  0.00033417]
 [-0.00055264  0.00002852 -0.00064803]
 [-0.00061897 -0.00031203  0.00099469]
 [ 0.00019828  0.00011723  0.00065139]
 [ 0.00033697  0.00005928 -0.00046462]
 [ 0.00037272  0.00015431  0.00144309]
 [-0.00044741  0.00033858  0.00001693]
 [-0.00011796  0.00031997  0.00018316]
 [ 0.00039715 -0.00004385 -0.00128173]
 [-0.00304234  0.00027125 -0.02048372]
 [ 0.00035016  0.00031438  0.0020317 ]
 [ 0.00021533  0.00013961  0.00391845]
 [ 0.00036766 -0.00022495  0.00084474]
 [ 0.00035465  0.00028717 -0.00060119]
 [ 0.00047561  0.00040035  0.00167915]
 [ 0.00013817  0.00041396  0.00321829]
 [ 0.00029965  0.00043967 -0.00282821]
 [ 0.00052115 -0.00016054 -0.00150724]
 [ 0.00029829  0.00012864  0.00027821]
 [ 0.00043334  0.00023301  0.00225185]
 [ 0.00041092  0.0002421   0.00394787]]
Y_pred:
[[ 0.00050419  0.00038765  0.00349787]
 [ 0.00014241 -0.00006759 -0.00033813]
 [-0.00047603 -0.00064739 -0.00108806]
 [-0.00148596 -0.00146486 -0.00376664]
 [ 0.00036092  0.00055355  0.00282914]
 [ 0.00026373  0.00012724  0.00085469]
 [ 0.00027349 -0.00008432  0.00029226]
 [-0.00026778 -0.00021632 -0.00031357]
 [-0.00085572 -0.00092217 -0.00143975]
 [ 0.00054798  0.00036139  0.00364503]
 [ 0.00026899 -0.00000844 -0.00041323]
 [ 0.0002859   0.0000832   0.00112161]
 [-0.00027322 -0.00005681  0.00026016]
 [ 0.00011447  0.00009111 -0.00015724]
 [ 0.0005718   0.0003662   0.00372201]
 [ 0.00023734 -0.00005301  0.00029724]
 [-0.00028614 -0.00008501 -0.00012933]
 [-0.00041923 -0.00021019  0.00080038]
 [ 0.00019948  0.00005266  0.00047644]
 [ 0.00027863  0.00002126 -0.00028388]
 [ 0.0003146   0.0001443   0.001286  ]
 [-0.00031057  0.00001856  0.00036139]
 [ 0.00011963  0.00011608 -0.00009859]
 [ 0.00032977  0.00000946 -0.00064794]
 [-0.0021466  -0.00029309 -0.01274709]
 [ 0.00035844  0.00022522  0.00165283]
 [ 0.00021774  0.00020744  0.00313835]
 [ 0.00028288  0.00000691  0.00039403]
 [ 0.00033011  0.00005747 -0.00033458]
 [ 0.0003934   0.00024823  0.00176238]
 [ 0.00021857  0.00026395  0.00267181]
 [ 0.00032012  0.00031636 -0.0021969 ]
 [ 0.00038823  0.00002185 -0.00059187]
 [ 0.00034069  0.00006067  0.00030739]
 [ 0.00039159  0.0002688   0.00209946]
 [ 0.00026782  0.00024948  0.00355366]]
avg(|| ytarg-ypred ||_2^2) = 0.000002
End debug prints for RFs


What if we COMBINE the rigid body with the RF?:
Predictions, B_pred-errors transposed (Rigid+RF):
[[ 0.06380926  0.01811331 -0.17101146]
 [ 0.04839441  0.01623608 -0.169374  ]
 [ 0.0330577   0.01509642 -0.16799768]
 [ 0.01696284  0.01308433 -0.16740997]
 [ 0.07088609  0.02632691 -0.1720584 ]
 [ 0.05551448  0.02503234 -0.1693154 ]
 [ 0.03985937  0.02342018 -0.1680231 ]
 [ 0.02443333  0.02177074 -0.16680481]
 [ 0.00870852  0.02048882 -0.16497081]
 [ 0.06236685  0.03347581 -0.17070989]
 [ 0.04684294  0.03188008 -0.16891166]
 [ 0.03151662  0.03041141 -0.16699085]
 [ 0.01603609  0.02871335 -0.16539277]
 [ 0.06976885  0.04196477 -0.17120932]
 [ 0.05408068  0.04048047 -0.16894023]
 [ 0.03849455  0.03899484 -0.16760505]
 [ 0.02304278  0.03739059 -0.1666009 ]
 [ 0.00770579  0.03603014 -0.16414618]
 [ 0.06123037  0.04901342 -0.16995327]
 [ 0.04541561  0.04753866 -0.16861439]
 [ 0.03010466  0.04586246 -0.16673596]
 [ 0.01463816  0.04437096 -0.16520758]
 [ 0.06834244  0.05745831 -0.17076854]
 [ 0.05244387  0.05609099 -0.16968225]
 [ 0.03622297  0.054735   -0.17507075]
 [ 0.02166179  0.05283462 -0.16522545]
 [ 0.00661389  0.05131109 -0.16328217]
 [ 0.05970921  0.06466754 -0.16958358]
 [ 0.0439545   0.06316609 -0.16809813]
 [ 0.02858918  0.0614297  -0.16692545]
 [ 0.01348903  0.05986082 -0.16438658]
 [ 0.06667561  0.07331685 -0.17138199]
 [ 0.05092691  0.07191201 -0.1694469 ]
 [ 0.03554121  0.07029782 -0.16686211]
 [ 0.02014188  0.06856076 -0.16551819]
 [ 0.00507753  0.066949   -0.16354348]]
NEW raw errors:
[[-0.00005635 -0.00009569  0.00021496]
 [ 0.00006259 -0.00004752 -0.0001792 ]
 [ 0.0000053  -0.00020724 -0.00070515]
 [-0.00061309 -0.00053307 -0.00176663]
 [-0.00009355  0.00012015 -0.00034704]
 [ 0.00005748  0.00013451  0.00072928]
 [ 0.00031952 -0.00032038  0.00000225]
 [ 0.00011912 -0.00027023 -0.00018959]
 [-0.0003697  -0.0002536  -0.00039443]
 [-0.00004516 -0.00005945 -0.00006462]
 [-0.00000758  0.00007569 -0.00035509]
 [ 0.00002846 -0.00008154  0.00003607]
 [ 0.00003894 -0.00009589 -0.00000154]
 [-0.0000574  -0.00008557 -0.00033896]
 [ 0.00022991  0.00013939  0.00067461]
 [-0.00022173 -0.00001567  0.00003693]
 [-0.0002665   0.00011353 -0.0005187 ]
 [-0.00019973 -0.00010185  0.00019431]
 [-0.0000012   0.00006457  0.00017495]
 [ 0.00005835  0.00003802 -0.00018074]
 [ 0.00005812  0.00001001  0.00015709]
 [-0.00013684  0.00032002 -0.00034446]
 [-0.00023759  0.00020389  0.00028176]
 [ 0.00006738 -0.00005332 -0.00063379]
 [-0.00089575  0.00056433 -0.00773664]
 [-0.00000828  0.00008916  0.00037886]
 [-0.00000242 -0.00006783  0.00078009]
 [ 0.00008478 -0.00023186  0.00045071]
 [ 0.00002454  0.0002297  -0.00026661]
 [ 0.00008221  0.00015211 -0.00008323]
 [-0.0000804   0.00015001  0.00054647]
 [-0.00002047  0.00012331 -0.0006313 ]
 [ 0.00013291 -0.00018239 -0.00091537]
 [-0.0000424   0.00006797 -0.00002918]
 [ 0.00004175 -0.00003579  0.00015239]
 [ 0.0001431  -0.00000737  0.00039421]]
avg abs err for RB:    0.00100398712377
avg abs err for RB+RF: 0.00028833710968
Mean abs error per dim: [ 0.00013641  0.00014841  0.0005802 ]
End of debug prints for rigid transform PLUS RF...


Begin debug prints:
A.shape: (36, 3), and A:
[[  795.   135.     1.]
 [  973.   145.     1.]
 [ 1149.   156.     1.]
 [ 1324.   162.     1.]
 [  701.   220.     1.]
 [  881.   229.     1.]
 [ 1058.   237.     1.]
 [ 1233.   246.     1.]
 [ 1407.   253.     1.]
 [  788.   312.     1.]
 [  966.   321.     1.]
 [ 1142.   329.     1.]
 [ 1317.   336.     1.]
 [  693.   397.     1.]
 [  874.   405.     1.]
 [ 1051.   412.     1.]
 [ 1226.   420.     1.]
 [ 1401.   427.     1.]
 [  780.   489.     1.]
 [  959.   497.     1.]
 [ 1135.   503.     1.]
 [ 1310.   510.     1.]
 [  686.   574.     1.]
 [  866.   581.     1.]
 [ 1037.   586.     1.]
 [ 1220.   594.     1.]
 [ 1395.   600.     1.]
 [  773.   667.     1.]
 [  952.   673.     1.]
 [ 1128.   679.     1.]
 [ 1304.   685.     1.]
 [  678.   754.     1.]
 [  859.   759.     1.]
 [ 1037.   765.     1.]
 [ 1213.   771.     1.]
 [ 1388.   776.     1.]]
B.shape: (36, 3), and B:
[[  724.   139.     1.]
 [  904.   147.     1.]
 [ 1081.   156.     1.]
 [ 1258.   164.     1.]
 [  630.   223.     1.]
 [  811.   232.     1.]
 [  989.   240.     1.]
 [ 1165.   248.     1.]
 [ 1340.   255.     1.]
 [  717.   317.     1.]
 [  897.   324.     1.]
 [ 1073.   332.     1.]
 [ 1249.   339.     1.]
 [  623.   402.     1.]
 [  803.   410.     1.]
 [  982.   416.     1.]
 [ 1158.   423.     1.]
 [ 1333.   429.     1.]
 [  710.   494.     1.]
 [  890.   501.     1.]
 [ 1066.   507.     1.]
 [ 1242.   513.     1.]
 [  616.   580.     1.]
 [  797.   586.     1.]
 [  975.   592.     1.]
 [ 1151.   598.     1.]
 [ 1326.   604.     1.]
 [  703.   672.     1.]
 [  883.   678.     1.]
 [ 1059.   683.     1.]
 [ 1235.   689.     1.]
 [  609.   759.     1.]
 [  790.   764.     1.]
 [  968.   770.     1.]
 [ 1144.   774.     1.]
 [ 1319.   779.     1.]]
theta for LEFT to RIGHT:
[[  1.00336084  -0.0033642 ]
 [  0.00022409   1.00379948]
 [-72.48393034   5.49268664]]
theta for RIGHT to LEFT:
[[  0.99661439   0.00333588]
 [ -0.00022778   0.99620111]
 [ 72.27927889  -5.21945056]]
abs_errors l2r (remember, these are pixels):
[[ 1.21819308  0.66892403]
 [ 0.18133573  0.77024292]
 [ 0.58736214  2.21993775]
 [ 1.99786985  0.34600061]
 [ 0.92132142  0.97026636]
 [ 0.5282902   0.39890543]
 [ 0.12495237  0.16616237]
 [ 0.28488307  0.2792977 ]
 [ 0.69852753  0.27947697]
 [ 1.23433121  0.97286734]
 [ 0.1654217   0.46250014]
 [ 0.42787962  0.09920347]
 [ 0.017596    0.66134234]
 [ 0.0659013   0.33031275]
 [ 1.54420424  0.90883736]
 [ 0.14064231  0.47770463]
 [ 0.26941722  0.03604403]
 [ 0.32029916  0.40181709]
 [ 0.24710848  0.27344644]
 [ 0.14950767  0.15475735]
 [ 0.44334547  0.4145452 ]
 [ 0.03306185  0.02331592]
 [ 0.04976318  0.63425606]
 [ 0.44324258  0.21321594]
 [ 6.86741775  1.76949696]
 [ 0.74940948  0.35474997]
 [ 1.33890177  0.92068833]
 [ 0.2634707   0.42640972]
 [ 0.13359363  0.15298543]
 [ 0.4592595   0.27771201]
 [ 1.05211264  0.29159054]
 [ 1.03631363  1.07656327]
 [ 0.42688036  0.48664023]
 [ 0.17269446  0.08939073]
 [ 0.7655476   1.34130672]
 [ 1.3548158   0.77156889]]
abs_errors r2l (remember, these are pixels):
[[ 1.20356549  0.6676831 ]
 [ 0.18520209  0.76224916]
 [ 0.58389873  2.20598795]
 [ 1.98282315  0.35407214]
 [ 0.90445132  0.96499629]
 [ 0.51929713  0.39539156]
 [ 0.12375832  0.16800442]
 [ 0.27855171  0.27527137]
 [ 0.68447514  0.28191585]
 [ 1.22041073  0.96813016]
 [ 0.16858463  0.45800321]
 [ 0.42910533  0.098721  ]
 [ 0.02656752  0.6592441 ]
 [ 0.07847567  0.33165188]
 [ 1.53275675  0.90171962]
 [ 0.140148    0.47604925]
 [ 0.26238981  0.03657235]
 [ 0.33145898  0.40244155]
 [ 0.23702818  0.27237611]
 [ 0.15196718  0.15375727]
 [ 0.44526723  0.41056472]
 [ 0.04250165  0.0251133 ]
 [ 0.06163044  0.63209894]
 [ 0.44746796  0.21310033]
 [ 6.84346233  1.78409408]
 [ 0.75377208  0.34841607]
 [ 1.34762088  0.90940217]
 [ 0.25387342  0.42717683]
 [ 0.13534972  0.15048868]
 [ 0.46165691  0.28139045]
 [ 1.05889132  0.28293153]
 [ 1.04455742  1.07125289]
 [ 0.43062273  0.48645261]
 [ 0.17338291  0.08454114]
 [ 0.77016176  1.3435391 ]
 [ 1.36378278  0.77875411]]
End of debug prints.

