
Some debug prints:
robot points in left/right camera (we'll average later):
(0, array([ 0.06460596,  0.01744596, -0.17009522]), array([ 0.06507095,  0.01751564, -0.16950571]))
(1, array([ 0.04997076,  0.01567592, -0.1676888 ]), array([ 0.04949   ,  0.01557784, -0.16822317]))
(2, array([ 0.03408354,  0.0143087 , -0.16627858]), array([ 0.03342119,  0.01456146, -0.16620218]))
(3, array([ 0.07250245,  0.02593284, -0.17030232]), array([ 0.0719624 ,  0.02626478, -0.17004813]))
(4, array([ 0.05627895,  0.02437835, -0.16881576]), array([ 0.05686628,  0.02462841, -0.16870923]))
(5, array([ 0.04062916,  0.02262229, -0.16711223]), array([ 0.04110607,  0.02248347, -0.16753652]))
(6, array([ 0.02603467,  0.02167144, -0.16520797]), array([ 0.02538247,  0.02122798, -0.1653473 ]))
(7, array([ 0.01020932,  0.02010772, -0.16412303]), array([ 0.0101267 ,  0.02002192, -0.16398003]))
(8, array([ 0.06355871,  0.0331048 , -0.16928915]), array([ 0.06330037,  0.03318162, -0.1693497 ]))
(9, array([ 0.04729727,  0.0316517 , -0.16831557]), array([ 0.04848603,  0.03154733, -0.16730072]))
(10, array([ 0.03235134,  0.02979896, -0.16619941]), array([ 0.03285493,  0.02989946, -0.1659464 ]))
(11, array([ 0.01701324,  0.02830195, -0.16431675]), array([ 0.01714316,  0.02853528, -0.16410635]))
(12, array([ 0.07115238,  0.04128804, -0.1697922 ]), array([ 0.07087166,  0.04130924, -0.16969667]))
(13, array([ 0.05431458,  0.03957   , -0.16870277]), array([ 0.05562039,  0.03977476, -0.16816803]))
(14, array([ 0.03950157,  0.03826902, -0.1668092 ]), array([ 0.03935432,  0.03852034, -0.16696768]))
(15, array([ 0.02401897,  0.03655792, -0.1650268 ]), array([ 0.02437575,  0.03682672, -0.16463946]))
(16, array([ 0.00899159,  0.03521852, -0.1633854 ]), array([ 0.00868463,  0.03537239, -0.16349142]))
(17, array([ 0.06260001,  0.04846013, -0.16877826]), array([ 0.06162856,  0.04839523, -0.16948518]))
(18, array([ 0.04659368,  0.04632568, -0.16754299]), array([ 0.04680266,  0.04679367, -0.16739506]))
(19, array([ 0.03143414,  0.04484733, -0.16582204]), array([ 0.03136229,  0.04512961, -0.16593195]))
(20, array([ 0.01567445,  0.0442107 , -0.16402052]), array([ 0.01594056,  0.04388197, -0.16406577]))
(21, array([ 0.07000596,  0.05711469, -0.16960038]), array([ 0.06934095,  0.05659999, -0.17002042]))
(22, array([ 0.0537403 ,  0.05534377, -0.16797898]), array([ 0.05336959,  0.0549597 , -0.16872447]))
(23, array([ 0.03850162,  0.05356053, -0.16699548]), array([ 0.03800716,  0.05343495, -0.16713033]))
(24, array([ 0.02284028,  0.05191929, -0.16544627]), array([ 0.02259789,  0.0521968 , -0.16548201]))
(25, array([ 0.00740295,  0.05061864, -0.16360678]), array([ 0.00731223,  0.0510946 , -0.1634095 ]))
(26, array([ 0.060684  ,  0.06425784, -0.16892249]), array([ 0.06139439,  0.06362731, -0.16899396]))
(27, array([ 0.04510177,  0.06175154, -0.16737822]), array([ 0.04519366,  0.0619413 , -0.16753563]))
(28, array([ 0.02974926,  0.0612034 , -0.16553266]), array([ 0.03001782,  0.0605988 , -0.16569726]))
(29, array([ 0.01482057,  0.0593174 , -0.16418532]), array([ 0.01449266,  0.05890534, -0.16425232]))
(30, array([ 0.06804629,  0.0721782 , -0.17069894]), array([ 0.06829568,  0.07215597, -0.17025659]))
(31, array([ 0.05216604,  0.07087097, -0.16795526]), array([ 0.05293567,  0.07084161, -0.16780403]))
(32, array([ 0.03735046,  0.06919416, -0.16643109]), array([ 0.03705154,  0.06956476, -0.16642176]))
(33, array([ 0.02186412,  0.06786038, -0.16480499]), array([ 0.02159269,  0.06757928, -0.16439244]))
(34, array([ 0.00568759,  0.06658346, -0.16361664]), array([ 0.00648044,  0.06656383, -0.1631101 ]))
pixel pts in left/right camera:
(0, (800, 99), (726, 101))
(1, (978, 109), (907, 111))
(2, (1154, 118), (1085, 122))
(3, (705, 183), (631, 187))
(4, (885, 194), (812, 196))
(5, (1062, 203), (991, 205))
(6, (1240, 212), (1169, 216))
(7, (1415, 220), (1345, 226))
(8, (792, 277), (717, 281))
(9, (970, 286), (898, 289))
(10, (1147, 296), (1076, 299))
(11, (1323, 304), (1252, 308))
(12, (697, 361), (623, 366))
(13, (877, 370), (803, 374))
(14, (1054, 379), (983, 383))
(15, (1231, 387), (1160, 392))
(16, (1406, 395), (1335, 399))
(17, (783, 454), (709, 459))
(18, (962, 462), (889, 467))
(19, (1139, 471), (1067, 476))
(20, (1315, 478), (1244, 483))
(21, (689, 539), (615, 544))
(22, (869, 547), (795, 553))
(23, (1046, 554), (974, 560))
(24, (1223, 562), (1151, 567))
(25, (1398, 569), (1326, 574))
(26, (775, 632), (701, 638))
(27, (954, 639), (881, 645))
(28, (1131, 646), (1058, 652))
(29, (1307, 653), (1235, 659))
(30, (680, 717), (607, 723))
(31, (861, 724), (787, 730))
(32, (1038, 731), (966, 737))
(33, (1215, 738), (1143, 744))
(34, (1390, 744), (1318, 750))
camera points:
(0, array([-0.02642317, -0.04176366,  0.17887873]))
(1, array([-0.01206123, -0.04265743,  0.18643112]))
(2, array([ 0.00333213, -0.04303346,  0.19158935]))
(3, array([-0.03431148, -0.03471754,  0.1786832 ]))
(4, array([-0.01959624, -0.03430099,  0.1813273 ]))
(5, array([-0.00475722, -0.03448389,  0.18643112]))
(6, array([ 0.0107076 , -0.03366131,  0.18620979]))
(7, array([ 0.02622184, -0.03336813,  0.18847833]))
(8, array([-0.02670122, -0.02652627,  0.17630756]))
(9, array([-0.01257375, -0.02687547,  0.18375528]))
(10, array([ 0.00263244, -0.02638423,  0.1863388 ]))
(11, array([ 0.0179161 , -0.02567117,  0.18620979]))
(12, array([-0.03494957, -0.01986696,  0.17853697]))
(13, array([-0.0199772 , -0.01913318,  0.1786832 ]))
(14, array([-0.00544636, -0.01915747,  0.18620979]))
(15, array([ 0.00991714, -0.01844627,  0.18604431]))
(16, array([ 0.02512459, -0.01776788,  0.18620979]))
(17, array([-0.02778829, -0.01212279,  0.17853697]))
(18, array([-0.0130585 , -0.01161283,  0.18097134]))
(19, array([ 0.00190737, -0.0110032 ,  0.18347285]))
(20, array([ 0.017206  , -0.01055001,  0.18604431]))
(21, array([-0.03561573, -0.00504478,  0.17853697]))
(22, array([-0.02060642, -0.00437424,  0.17835874]))
(23, array([-0.00604452, -0.00389655,  0.18327944]))
(24, array([ 0.00909549, -0.00321608,  0.18347285]))
(25, array([ 0.02407072, -0.00261707,  0.18347285]))
(26, array([-0.02842605,  0.00269669,  0.17835874]))
(27, array([-0.01371967,  0.00332363,  0.18078572]))
(28, array([ 0.00120488,  0.00391386,  0.18078572]))
(29, array([ 0.01626643,  0.00456623,  0.18327944]))
(30, array([-0.0368232 ,  0.00990055,  0.18078572]))
(31, array([-0.02127192,  0.01034995,  0.17835874]))
(32, array([-0.00672838,  0.01123387,  0.18327944]))
(33, array([ 0.00840204,  0.01183225,  0.18327944]))
(34, array([ 0.02336149,  0.01234514,  0.18327944]))
(camera) points_3d.shape: (35, 3)
End of debug prints.


Begin debug prints for rigid transformation:
meanA:
[[-0.00598611]
 [-0.01405973]
 [ 0.18270466]]
meanB:
[[ 0.03992445]
 [ 0.04347194]
 [-0.16685866]]
Rotation R:
[[-0.9624113  -0.14147923 -0.23183642]
 [-0.12330493  0.9881723  -0.09116686]
 [ 0.24199254 -0.05915345 -0.96847327]]
and R^TR (should be identity):
[[ 1.  0.  0.]
 [ 0.  1.  0.]
 [ 0.  0.  1.]]
translation t:
[[ 0.07453179]
 [ 0.07328387]
 [ 0.01070284]]
RB_matrix:
[[-0.9624113  -0.14147923 -0.23183642  0.07453179]
 [-0.12330493  0.9881723  -0.09116686  0.07328387]
 [ 0.24199254 -0.05915345 -0.96847327  0.01070284]]

Camera points (input), A.T:
[[-0.02642317 -0.04176366  0.17887873]
 [-0.01206123 -0.04265743  0.18643112]
 [ 0.00333213 -0.04303346  0.19158935]
 [-0.03431148 -0.03471754  0.1786832 ]
 [-0.01959624 -0.03430099  0.1813273 ]
 [-0.00475722 -0.03448389  0.18643112]
 [ 0.0107076  -0.03366131  0.18620979]
 [ 0.02622184 -0.03336813  0.18847833]
 [-0.02670122 -0.02652627  0.17630756]
 [-0.01257375 -0.02687547  0.18375528]
 [ 0.00263244 -0.02638423  0.1863388 ]
 [ 0.0179161  -0.02567117  0.18620979]
 [-0.03494957 -0.01986696  0.17853697]
 [-0.0199772  -0.01913318  0.1786832 ]
 [-0.00544636 -0.01915747  0.18620979]
 [ 0.00991714 -0.01844627  0.18604431]
 [ 0.02512459 -0.01776788  0.18620979]
 [-0.02778829 -0.01212279  0.17853697]
 [-0.0130585  -0.01161283  0.18097134]
 [ 0.00190737 -0.0110032   0.18347285]
 [ 0.017206   -0.01055001  0.18604431]
 [-0.03561573 -0.00504478  0.17853697]
 [-0.02060642 -0.00437424  0.17835874]
 [-0.00604452 -0.00389655  0.18327944]
 [ 0.00909549 -0.00321608  0.18347285]
 [ 0.02407072 -0.00261707  0.18347285]
 [-0.02842605  0.00269669  0.17835874]
 [-0.01371967  0.00332363  0.18078572]
 [ 0.00120488  0.00391386  0.18078572]
 [ 0.01626643  0.00456623  0.18327944]
 [-0.0368232   0.00990055  0.18078572]
 [-0.02127192  0.01034995  0.17835874]
 [-0.00672838  0.01123387  0.18327944]
 [ 0.00840204  0.01183225  0.18327944]
 [ 0.02336149  0.01234514  0.18327944]]
Robot points (target), B.T:
[[ 0.06483845  0.0174808  -0.16980047]
 [ 0.04973038  0.01562688 -0.16795598]
 [ 0.03375236  0.01443508 -0.16624038]
 [ 0.07223242  0.02609881 -0.17017522]
 [ 0.05657262  0.02450338 -0.16876249]
 [ 0.04086761  0.02255288 -0.16732438]
 [ 0.02570857  0.02144971 -0.16527764]
 [ 0.01016801  0.02006482 -0.16405153]
 [ 0.06342954  0.03314321 -0.16931942]
 [ 0.04789165  0.03159952 -0.16780815]
 [ 0.03260313  0.02984921 -0.1660729 ]
 [ 0.0170782   0.02841861 -0.16421155]
 [ 0.07101202  0.04129864 -0.16974444]
 [ 0.05496748  0.03967238 -0.1684354 ]
 [ 0.03942795  0.03839468 -0.16688844]
 [ 0.02419736  0.03669232 -0.16483313]
 [ 0.00883811  0.03529545 -0.16343841]
 [ 0.06211429  0.04842768 -0.16913172]
 [ 0.04669817  0.04655968 -0.16746902]
 [ 0.03139821  0.04498847 -0.16587699]
 [ 0.01580751  0.04404633 -0.16404314]
 [ 0.06967346  0.05685734 -0.1698104 ]
 [ 0.05355494  0.05515174 -0.16835172]
 [ 0.03825439  0.05349774 -0.1670629 ]
 [ 0.02271908  0.05205804 -0.16546414]
 [ 0.00735759  0.05085662 -0.16350814]
 [ 0.0610392   0.06394258 -0.16895822]
 [ 0.04514772  0.06184642 -0.16745693]
 [ 0.02988354  0.0609011  -0.16561496]
 [ 0.01465662  0.05911137 -0.16421882]
 [ 0.06817099  0.07216708 -0.17047777]
 [ 0.05255086  0.07085629 -0.16787965]
 [ 0.037201    0.06937946 -0.16642643]
 [ 0.02172841  0.06771983 -0.16459871]
 [ 0.00608401  0.06657364 -0.16336337]]
Predicted robot points:
[[ 0.06439983  0.01896447 -0.16646018]
 [ 0.04895327  0.01562185 -0.17024611]
 [ 0.03299586  0.01288193 -0.1714944 ]
 [ 0.07104008  0.02691774 -0.16859653]
 [ 0.05620603  0.02527385 -0.16762093]
 [ 0.04076742  0.0227981  -0.16896209]
 [ 0.02581883  0.02172424 -0.16505403]
 [ 0.01032035  0.01989415 -0.16351405]
 [ 0.06310774  0.03429033 -0.1649387 ]
 [ 0.04783406  0.03152429 -0.16871222]
 [ 0.03253099  0.02989919 -0.16756356]
 [ 0.01775086  0.02873102 -0.16378227]
 [ 0.06958703  0.04168469 -0.16948779]
 [ 0.05503974  0.04055029 -0.16604961]
 [ 0.0393136   0.03804839 -0.16982112]
 [ 0.02446534  0.03687187 -0.16598507]
 [ 0.00969517  0.03565199 -0.16250537]
 [ 0.0615993   0.04845425 -0.1682129 ]
 [ 0.04678667  0.04691998 -0.16703619]
 [ 0.03171714  0.04544898 -0.16587327]
 [ 0.0163333   0.04377598 -0.16468831]
 [ 0.06813113  0.0564137  -0.17052577]
 [ 0.05363246  0.05524183 -0.16676068]
 [ 0.03840953  0.05346972 -0.16803063]
 [ 0.02369751  0.05225767 -0.16459443]
 [ 0.00920042  0.05100307 -0.16100597]
 [ 0.06015776  0.06319334 -0.16907124]
 [ 0.04535281  0.06177822 -0.16789996]
 [ 0.03090575  0.06052121 -0.16432325]
 [ 0.01573991  0.05908135 -0.16313215]
 [ 0.06665742  0.07112613 -0.17387989]
 [ 0.05218977  0.06987393 -0.16779271]
 [ 0.03692705  0.0685055  -0.16909114]
 [ 0.02228071  0.06723114 -0.16546509]
 [ 0.007811    0.0658934  -0.16187535]]
Raw errors, B-B_pred:
[[ 0.00043862 -0.00148368 -0.00334028]
 [ 0.00077711  0.00000503  0.00229013]
 [ 0.0007565   0.00155315  0.00525402]
 [ 0.00119234 -0.00081893 -0.0015787 ]
 [ 0.00036658 -0.00077047 -0.00114157]
 [ 0.0001002  -0.00024522  0.00163771]
 [-0.00011026 -0.00027453 -0.00022361]
 [-0.00015234  0.00017067 -0.00053748]
 [ 0.0003218  -0.00114712 -0.00438072]
 [ 0.00005759  0.00007523  0.00090407]
 [ 0.00007214 -0.00004998  0.00149066]
 [-0.00067266 -0.00031241 -0.00042928]
 [ 0.00142498 -0.00038605 -0.00025665]
 [-0.00007226 -0.00087791 -0.00238579]
 [ 0.00011435  0.00034629  0.00293267]
 [-0.00026798 -0.00017955  0.00115194]
 [-0.00085706 -0.00035654 -0.00093304]
 [ 0.00051499 -0.00002657 -0.00091882]
 [-0.0000885  -0.0003603  -0.00043283]
 [-0.00031893 -0.00046051 -0.00000373]
 [-0.00052579  0.00027035  0.00064517]
 [ 0.00154233  0.00044364  0.00071537]
 [-0.00007751 -0.00009009 -0.00159104]
 [-0.00015514  0.00002802  0.00096773]
 [-0.00097842 -0.00019963 -0.0008697 ]
 [-0.00184283 -0.00014645 -0.00250217]
 [ 0.00088143  0.00074924  0.00011302]
 [-0.00020509  0.0000682   0.00044304]
 [-0.00102221  0.00037989 -0.00129171]
 [-0.00108329  0.00003003 -0.00108667]
 [ 0.00151357  0.00104095  0.00340213]
 [ 0.00036108  0.00098236 -0.00008693]
 [ 0.00027396  0.00087396  0.00266471]
 [-0.0005523   0.00048868  0.00086637]
 [-0.00172699  0.00068024 -0.00148802]]
Mean abs error per dim: [ 0.00061198  0.00046777  0.00145593]
Residual (L2) for each:
[ 0.00001355  0.00000585  0.00003059  0.00000458  0.00000203  0.00000275
  0.00000014  0.00000034  0.00002061  0.00000083  0.00000223  0.00000073
  0.00000225  0.00000647  0.00000873  0.00000143  0.00000173  0.00000111
  0.00000032  0.00000031  0.00000077  0.00000309  0.00000255  0.00000096
  0.00000175  0.00000968  0.00000135  0.00000024  0.00000286  0.00000236
  0.00001495  0.0000011   0.00000794  0.00000129  0.00000566]
loss on data: 4.66114307427e-06
End of debug prints for rigid transformation.


Begin debug prints for RFs:
X_train:
[[-0.02642317 -0.04176366  0.17887873]
 [-0.01206123 -0.04265743  0.18643112]
 [ 0.00333213 -0.04303346  0.19158935]
 [-0.03431148 -0.03471754  0.1786832 ]
 [-0.01959624 -0.03430099  0.1813273 ]
 [-0.00475722 -0.03448389  0.18643112]
 [ 0.0107076  -0.03366131  0.18620979]
 [ 0.02622184 -0.03336813  0.18847833]
 [-0.02670122 -0.02652627  0.17630756]
 [-0.01257375 -0.02687547  0.18375528]
 [ 0.00263244 -0.02638423  0.1863388 ]
 [ 0.0179161  -0.02567117  0.18620979]
 [-0.03494957 -0.01986696  0.17853697]
 [-0.0199772  -0.01913318  0.1786832 ]
 [-0.00544636 -0.01915747  0.18620979]
 [ 0.00991714 -0.01844627  0.18604431]
 [ 0.02512459 -0.01776788  0.18620979]
 [-0.02778829 -0.01212279  0.17853697]
 [-0.0130585  -0.01161283  0.18097134]
 [ 0.00190737 -0.0110032   0.18347285]
 [ 0.017206   -0.01055001  0.18604431]
 [-0.03561573 -0.00504478  0.17853697]
 [-0.02060642 -0.00437424  0.17835874]
 [-0.00604452 -0.00389655  0.18327944]
 [ 0.00909549 -0.00321608  0.18347285]
 [ 0.02407072 -0.00261707  0.18347285]
 [-0.02842605  0.00269669  0.17835874]
 [-0.01371967  0.00332363  0.18078572]
 [ 0.00120488  0.00391386  0.18078572]
 [ 0.01626643  0.00456623  0.18327944]
 [-0.0368232   0.00990055  0.18078572]
 [-0.02127192  0.01034995  0.17835874]
 [-0.00672838  0.01123387  0.18327944]
 [ 0.00840204  0.01183225  0.18327944]
 [ 0.02336149  0.01234514  0.18327944]]
Y_train:
[[-0.00043862  0.00148368  0.00334028]
 [-0.00077711 -0.00000503 -0.00229013]
 [-0.0007565  -0.00155315 -0.00525402]
 [-0.00119234  0.00081893  0.0015787 ]
 [-0.00036658  0.00077047  0.00114157]
 [-0.0001002   0.00024522 -0.00163771]
 [ 0.00011026  0.00027453  0.00022361]
 [ 0.00015234 -0.00017067  0.00053748]
 [-0.0003218   0.00114712  0.00438072]
 [-0.00005759 -0.00007523 -0.00090407]
 [-0.00007214  0.00004998 -0.00149066]
 [ 0.00067266  0.00031241  0.00042928]
 [-0.00142498  0.00038605  0.00025665]
 [ 0.00007226  0.00087791  0.00238579]
 [-0.00011435 -0.00034629 -0.00293267]
 [ 0.00026798  0.00017955 -0.00115194]
 [ 0.00085706  0.00035654  0.00093304]
 [-0.00051499  0.00002657  0.00091882]
 [ 0.0000885   0.0003603   0.00043283]
 [ 0.00031893  0.00046051  0.00000373]
 [ 0.00052579 -0.00027035 -0.00064517]
 [-0.00154233 -0.00044364 -0.00071537]
 [ 0.00007751  0.00009009  0.00159104]
 [ 0.00015514 -0.00002802 -0.00096773]
 [ 0.00097842  0.00019963  0.0008697 ]
 [ 0.00184283  0.00014645  0.00250217]
 [-0.00088143 -0.00074924 -0.00011302]
 [ 0.00020509 -0.0000682  -0.00044304]
 [ 0.00102221 -0.00037989  0.00129171]
 [ 0.00108329 -0.00003003  0.00108667]
 [-0.00151357 -0.00104095 -0.00340213]
 [-0.00036108 -0.00098236  0.00008693]
 [-0.00027396 -0.00087396 -0.00266471]
 [ 0.0005523  -0.00048868 -0.00086637]
 [ 0.00172699 -0.00068024  0.00148802]]
Y_pred:
[[-0.00052666  0.00104737  0.00240656]
 [-0.00044375 -0.00016479 -0.00229992]
 [-0.00046476 -0.00096526 -0.00372332]
 [-0.00102067  0.00069966  0.00141272]
 [-0.00029753  0.00056667  0.00087995]
 [-0.0001744   0.00005849 -0.00174432]
 [ 0.0003211   0.00015638  0.00003894]
 [ 0.00047373  0.00011901  0.00043607]
 [-0.0003952   0.00091287  0.00318597]
 [ 0.00002363  0.00001423 -0.00085144]
 [ 0.00002037  0.00010968 -0.0011297 ]
 [ 0.00044925  0.00015161  0.00032694]
 [-0.00104996  0.00039251  0.00076636]
 [-0.00011169  0.00065729  0.00193382]
 [-0.00011137 -0.0001943  -0.00219515]
 [ 0.00030661  0.00006178 -0.00073444]
 [ 0.00063302  0.0001461   0.00056182]
 [-0.00051362  0.00013589  0.0010405 ]
 [ 0.0000263   0.00019623  0.00011062]
 [ 0.00027886  0.00018391 -0.00036203]
 [ 0.00051405 -0.00005821 -0.00027688]
 [-0.00122849 -0.00032243 -0.00027555]
 [-0.00018063 -0.00001     0.00115706]
 [ 0.00012452 -0.00011933 -0.00107144]
 [ 0.00082795  0.00005627  0.00055468]
 [ 0.00153372  0.00005559  0.00187402]
 [-0.00063671 -0.00051062  0.00031458]
 [ 0.00001771 -0.00015915 -0.0003216 ]
 [ 0.00059158 -0.00027277  0.00042355]
 [ 0.00113081 -0.00021779  0.00091405]
 [-0.00123689 -0.00075959 -0.00197657]
 [-0.00042135 -0.00056151  0.00034821]
 [-0.00007885 -0.0006064  -0.00194531]
 [ 0.00060884 -0.00035107 -0.00042755]
 [ 0.0014017  -0.00037818  0.00122344]]
abs_mean_err: [ 0.00016735  0.00019131  0.00043689]
End debug prints for RFs


What if we COMBINE the rigid body with the RF?:
Predictions, B_pred-errors transposed (Rigid+RF):
[[ 0.06492649  0.0179171  -0.16886675]
 [ 0.04939702  0.01578664 -0.16794619]
 [ 0.03346062  0.01384719 -0.16777108]
 [ 0.07206075  0.02621808 -0.17000925]
 [ 0.05650356  0.02470718 -0.16850088]
 [ 0.04094181  0.02273961 -0.16721777]
 [ 0.02549773  0.02156786 -0.16509296]
 [ 0.00984662  0.01977514 -0.16395012]
 [ 0.06350294  0.03337746 -0.16812467]
 [ 0.04781043  0.03151005 -0.16786078]
 [ 0.03251062  0.02978951 -0.16643387]
 [ 0.01730161  0.02857942 -0.16410921]
 [ 0.07063699  0.04129218 -0.17025414]
 [ 0.05515143  0.039893   -0.16798343]
 [ 0.03942498  0.03824269 -0.16762596]
 [ 0.02415873  0.03681009 -0.16525063]
 [ 0.00906215  0.03550589 -0.16306719]
 [ 0.06211292  0.04831835 -0.16925341]
 [ 0.04676037  0.04672375 -0.16714681]
 [ 0.03143829  0.04526507 -0.16551124]
 [ 0.01581925  0.04383419 -0.16441143]
 [ 0.06935962  0.05673612 -0.17025022]
 [ 0.05381309  0.05525183 -0.16791774]
 [ 0.03828501  0.05358904 -0.1669592 ]
 [ 0.02286956  0.0522014  -0.16514911]
 [ 0.0076667   0.05094748 -0.16287999]
 [ 0.06079447  0.06370396 -0.16938583]
 [ 0.0453351   0.06193737 -0.16757836]
 [ 0.03031417  0.06079397 -0.16474679]
 [ 0.0146091   0.05929914 -0.1640462 ]
 [ 0.06789431  0.07188572 -0.17190332]
 [ 0.05261113  0.07043544 -0.16814092]
 [ 0.03700589  0.0691119  -0.16714583]
 [ 0.02167186  0.06758221 -0.16503753]
 [ 0.0064093   0.06627158 -0.16309879]]
NEW raw errors:
[[ 0.00008804  0.0004363   0.00093372]
 [-0.00033336  0.00015976  0.00000979]
 [-0.00029174 -0.0005879  -0.0015307 ]
 [-0.00017167  0.00011927  0.00016597]
 [-0.00006906  0.0002038   0.00026161]
 [ 0.0000742   0.00018673  0.00010661]
 [-0.00021084  0.00011815  0.00018468]
 [-0.00032139 -0.00028968  0.00010141]
 [ 0.0000734   0.00023425  0.00119476]
 [-0.00008122 -0.00008946 -0.00005263]
 [-0.00009251 -0.0000597  -0.00036096]
 [ 0.00022341  0.0001608   0.00010234]
 [-0.00037502 -0.00000646 -0.0005097 ]
 [ 0.00018394  0.00022063  0.00045197]
 [-0.00000297 -0.00015199 -0.00073752]
 [-0.00003863  0.00011777 -0.0004175 ]
 [ 0.00022404  0.00021044  0.00037122]
 [-0.00000137 -0.00010933 -0.00012169]
 [ 0.0000622   0.00016408  0.00032221]
 [ 0.00004007  0.0002766   0.00036575]
 [ 0.00001175 -0.00021214 -0.00036829]
 [-0.00031384 -0.00012121 -0.00043982]
 [ 0.00025815  0.00010009  0.00043398]
 [ 0.00003063  0.0000913   0.00010371]
 [ 0.00015048  0.00014335  0.00031503]
 [ 0.00030911  0.00009086  0.00062814]
 [-0.00024473 -0.00023862 -0.0004276 ]
 [ 0.00018738  0.00009096 -0.00012143]
 [ 0.00043063 -0.00010712  0.00086817]
 [-0.00004752  0.00018776  0.00017262]
 [-0.00027668 -0.00028137 -0.00142556]
 [ 0.00006027 -0.00042084 -0.00026127]
 [-0.00019511 -0.00026756 -0.0007194 ]
 [-0.00005654 -0.00013761 -0.00043882]
 [ 0.00032529 -0.00030207  0.00026458]]
avg abs err for RB:    0.000845223648174
avg abs err for RB+RF: 0.000265183933118
Mean abs error per dim: [ 0.00016735  0.00019131  0.00043689]
End of debug prints for rigid transform PLUS RF...


Begin debug prints:
(left pixels) A.shape: (35, 3), and A:
[[  800.    99.     1.]
 [  978.   109.     1.]
 [ 1154.   118.     1.]
 [  705.   183.     1.]
 [  885.   194.     1.]
 [ 1062.   203.     1.]
 [ 1240.   212.     1.]
 [ 1415.   220.     1.]
 [  792.   277.     1.]
 [  970.   286.     1.]
 [ 1147.   296.     1.]
 [ 1323.   304.     1.]
 [  697.   361.     1.]
 [  877.   370.     1.]
 [ 1054.   379.     1.]
 [ 1231.   387.     1.]
 [ 1406.   395.     1.]
 [  783.   454.     1.]
 [  962.   462.     1.]
 [ 1139.   471.     1.]
 [ 1315.   478.     1.]
 [  689.   539.     1.]
 [  869.   547.     1.]
 [ 1046.   554.     1.]
 [ 1223.   562.     1.]
 [ 1398.   569.     1.]
 [  775.   632.     1.]
 [  954.   639.     1.]
 [ 1131.   646.     1.]
 [ 1307.   653.     1.]
 [  680.   717.     1.]
 [  861.   724.     1.]
 [ 1038.   731.     1.]
 [ 1215.   738.     1.]
 [ 1390.   744.     1.]]
(right pixels) B.shape: (35, 3), and B:
[[  726.   101.     1.]
 [  907.   111.     1.]
 [ 1085.   122.     1.]
 [  631.   187.     1.]
 [  812.   196.     1.]
 [  991.   205.     1.]
 [ 1169.   216.     1.]
 [ 1345.   226.     1.]
 [  717.   281.     1.]
 [  898.   289.     1.]
 [ 1076.   299.     1.]
 [ 1252.   308.     1.]
 [  623.   366.     1.]
 [  803.   374.     1.]
 [  983.   383.     1.]
 [ 1160.   392.     1.]
 [ 1335.   399.     1.]
 [  709.   459.     1.]
 [  889.   467.     1.]
 [ 1067.   476.     1.]
 [ 1244.   483.     1.]
 [  615.   544.     1.]
 [  795.   553.     1.]
 [  974.   560.     1.]
 [ 1151.   567.     1.]
 [ 1326.   574.     1.]
 [  701.   638.     1.]
 [  881.   645.     1.]
 [ 1058.   652.     1.]
 [ 1235.   659.     1.]
 [  607.   723.     1.]
 [  787.   730.     1.]
 [  966.   737.     1.]
 [ 1143.   744.     1.]
 [ 1318.   750.     1.]]
theta for LEFT to RIGHT:
[[  1.00481008   0.00036903]
 [ -0.00219535   1.00545779]
 [-76.40386064   1.89367949]]
theta for RIGHT to LEFT:
[[  0.99520033  -0.00036481]
 [  0.00217346   0.99455802]
 [ 76.04520285  -1.90602061]]
abs_errors l2r (remember, these are pixels):
[[ 1.22686253  0.72922265]
 [ 0.93889701  0.84948745]
 [ 2.11208136  1.0364436 ]
 [ 0.58549584  0.84738072]
 [ 0.4271611   1.27907992]
 [ 0.74121317  1.3935179 ]
 [ 0.09522264  0.49167508]
 [ 0.08057645  2.38343295]
 [ 1.79760992  0.30224318]
 [ 0.36595428  0.81256383]
 [ 0.5365239   0.9324596 ]
 [ 0.2924871   0.04107077]
 [ 0.15624323  0.87884655]
 [ 1.00229919  0.23669852]
 [ 1.16607509  0.3511365 ]
 [ 0.33225401  0.53988331]
 [ 0.49194691  0.56835883]
 [ 0.36574257  0.33953582]
 [ 0.20918381  0.22981758]
 [ 0.04080953  0.11537959]
 [ 0.12798412  0.01222621]
 [ 0.27300939  0.08968762]
 [ 0.57524192  0.8002251 ]
 [ 0.58874165  0.69670269]
 [ 0.24507942  0.4122775 ]
 [ 1.07147569  0.51506185]
 [ 0.06351004  0.37100165]
 [ 0.21787346  0.26674119]
 [ 0.61814296  0.16321879]
 [ 0.44934931  0.06006541]
 [ 1.70707208  0.05785277]
 [ 0.14818466  0.16285128]
 [ 1.01579892  0.26637369]
 [ 0.1797825   0.36989609]
 [ 0.64880912  0.46722266]]
abs_errors r2l (remember, these are pixels):
[[ 1.21984137  0.72050988]
 [ 0.93315217  0.84095964]
 [ 2.1027182   1.03424303]
 [ 0.57695492  0.84613675]
 [ 0.42613483  1.26887104]
 [ 0.73428461  1.38314922]
 [ 0.09614937  0.49205346]
 [ 0.08084255  2.37342772]
 [ 1.78542183  0.30321756]
 [ 0.3632248   0.80634825]
 [ 0.53061736  0.9257036 ]
 [ 0.29456418  0.03888736]
 [ 0.14950851  0.87494135]
 [ 0.99606221  0.23425965]
 [ 1.15955755  0.34890264]
 [ 0.32957634  0.5375488 ]
 [ 0.49515245  0.5643862 ]
 [ 0.36014888  0.33746414]
 [ 0.20670258  0.22826313]
 [ 0.04148347  0.11434976]
 [ 0.1241884   0.01168516]
 [ 0.27576444  0.09081206]
 [ 0.5686158   0.79454495]
 [ 0.58745672  0.69115073]
 [ 0.24687141  0.41151388]
 [ 1.0716002   0.51344888]
 [ 0.06729752  0.36626875]
 [ 0.21857037  0.26250972]
 [ 0.61575777  0.15984511]
 [ 0.4500859   0.0571805 ]
 [ 1.70321084  0.06200746]
 [ 0.14551631  0.16576649]
 [ 1.01055621  0.26916071]
 [ 0.17622808  0.37182532]
 [ 0.65067417  0.46831834]]
End of debug prints.


Assuming we ONLY have the left pixels, we still predict the robot points.
pred points:
[[ 0.0642325   0.01806736 -0.16938611]
 [ 0.04929687  0.01639645 -0.16781534]
 [ 0.03419686  0.01462843 -0.16622624]
 [ 0.07101034  0.02652283 -0.17012366]
 [ 0.05611005  0.02502238 -0.16855496]
 [ 0.04114034  0.02335571 -0.16697769]
 [ 0.02573576  0.02163631 -0.16535376]
 [ 0.01024455  0.01983112 -0.16371972]
 [ 0.0628255   0.03332695 -0.16927815]
 [ 0.04798284  0.03175701 -0.16771237]
 [ 0.0328717   0.03025112 -0.16611748]
 [ 0.0175186   0.02854879 -0.16449597]
 [ 0.06957299  0.04159494 -0.16999957]
 [ 0.0547765   0.04010823 -0.16843663]
 [ 0.03989063  0.0386257  -0.16686335]
 [ 0.02467249  0.03702252 -0.16525402]
 [ 0.0092761   0.03540875 -0.16362492]
 [ 0.06153145  0.04832397 -0.16915167]
 [ 0.04670144  0.04683899 -0.16758218]
 [ 0.03168828  0.04543022 -0.16599229]
 [ 0.01643681  0.04382846 -0.16437638]
 [ 0.06815507  0.0564768  -0.16984789]
 [ 0.05345239  0.05508638 -0.16828967]
 [ 0.03867388  0.05361472 -0.1667226 ]
 [ 0.02354587  0.05219495 -0.16511735]
 [ 0.00825383  0.05068025 -0.16349387]
 [ 0.06016439  0.06319799 -0.16898831]
 [ 0.04543062  0.0618089  -0.1674237 ]
 [ 0.03052766  0.0604106  -0.16584015]
 [ 0.01536915  0.05899178 -0.16422843]
 [ 0.06683666  0.07117525 -0.16967829]
 [ 0.05214927  0.06986775 -0.16811627]
 [ 0.03745795  0.06857296 -0.16655278]
 [ 0.02243267  0.06724875 -0.16495272]
 [ 0.00724675  0.0658309  -0.16333483]]
true points:
[[ 0.06483845  0.0174808  -0.16980047]
 [ 0.04973038  0.01562688 -0.16795598]
 [ 0.03375236  0.01443508 -0.16624038]
 [ 0.07223242  0.02609881 -0.17017522]
 [ 0.05657262  0.02450338 -0.16876249]
 [ 0.04086761  0.02255288 -0.16732438]
 [ 0.02570857  0.02144971 -0.16527764]
 [ 0.01016801  0.02006482 -0.16405153]
 [ 0.06342954  0.03314321 -0.16931942]
 [ 0.04789165  0.03159952 -0.16780815]
 [ 0.03260313  0.02984921 -0.1660729 ]
 [ 0.0170782   0.02841861 -0.16421155]
 [ 0.07101202  0.04129864 -0.16974444]
 [ 0.05496748  0.03967238 -0.1684354 ]
 [ 0.03942795  0.03839468 -0.16688844]
 [ 0.02419736  0.03669232 -0.16483313]
 [ 0.00883811  0.03529545 -0.16343841]
 [ 0.06211429  0.04842768 -0.16913172]
 [ 0.04669817  0.04655968 -0.16746902]
 [ 0.03139821  0.04498847 -0.16587699]
 [ 0.01580751  0.04404633 -0.16404314]
 [ 0.06967346  0.05685734 -0.1698104 ]
 [ 0.05355494  0.05515174 -0.16835172]
 [ 0.03825439  0.05349774 -0.1670629 ]
 [ 0.02271908  0.05205804 -0.16546414]
 [ 0.00735759  0.05085662 -0.16350814]
 [ 0.0610392   0.06394258 -0.16895822]
 [ 0.04514772  0.06184642 -0.16745693]
 [ 0.02988354  0.0609011  -0.16561496]
 [ 0.01465662  0.05911137 -0.16421882]
 [ 0.06817099  0.07216708 -0.17047777]
 [ 0.05255086  0.07085629 -0.16787965]
 [ 0.037201    0.06937946 -0.16642643]
 [ 0.02172841  0.06771983 -0.16459871]
 [ 0.00608401  0.06657364 -0.16336337]]
mean abs err: [ 0.00055995  0.00038021  0.0001761 ]
mean err: [ 0.00000151  0.00000476  0.0000121 ]
Done w/debugging.


Assuming we ONLY have the left pixels, we still predict the robot points.
pred points:
[[ 0.0642243   0.02121567 -0.16939592]
 [ 0.06463219  0.01822339 -0.16942853]
 [ 0.06375265  0.01973685 -0.16934163]]
Done w/debugging.

